{
  "aliases": [
    "JENA31",
    "JENA31DW1",
    "BIALA19",
    "BIALA20",
    "BIALA21",
    "FROSTILLICUS2",
    "GRANCHIO4",
    "HOBBES5",
    "HOBBES6",
    "MCKINLAY20",
    "MCKINLAY21",
    "MCKINLAY22",
    "MCKINLAY23",
    "MCKINLAY24",
    "STIMPEE6",
    "STIMPEE7",
    "TERINGIE6",
    "MCKINLAY10",
    "MCKINLAY11",
    "MCKINLAY12",
    "MCKINLAY13",
    "MCKINLAY14",
    "MCKINLAY15"
  ],
  "features": [
    "mean_pct_ss",
    "mean_grain_ordinal",
    "mean_avg_GR",
    "mean_RES_DEEP",
    "pay_pct",
    "mean_WRCI",
    "pct_high_risk",
    "pct_zoi"
  ],
  "feature_means": [
    91.98936986683667,
    1.3842326108437863,
    89.15922361799771,
    32.24940923073952,
    61.90422165581881,
    26.271552226597088,
    1.8931626564762067,
    1.935958143933055
  ],
  "feature_stds": [
    7.37681632475926,
    1.5084785725683594,
    6.965151658414671,
    7.645068037850418,
    17.08556777036527,
    4.724698546031885,
    4.71909267883379,
    2.618140408356986
  ],
  "cosine_similarity": [
    [
      1.0,
      -0.2107,
      -0.2045,
      0.1821,
      -0.2289,
      0.1833,
      0.6932,
      -0.443,
      -0.2615,
      -0.5097,
      -0.2762,
      -0.3493,
      0.1651,
      -0.6225,
      0.7491,
      0.2514,
      -0.5389,
      0.4628,
      0.6885,
      -0.1599,
      0.4364,
      0.0505,
      -0.3546
    ],
    [
      -0.2107,
      1.0,
      0.3241,
      0.0483,
      0.041,
      0.6373,
      0.0846,
      -0.3561,
      -0.1604,
      0.5568,
      0.2962,
      0.5542,
      0.7527,
      0.3591,
      0.2995,
      0.0579,
      -0.4288,
      -0.1387,
      -0.4233,
      -0.2517,
      -0.5403,
      -0.8206,
      -0.6529
    ],
    [
      -0.2045,
      0.3241,
      1.0,
      0.5184,
      0.3542,
      0.6897,
      0.0719,
      -0.5462,
      0.0746,
      -0.1527,
      -0.0277,
      -0.2354,
      0.2989,
      0.099,
      -0.2511,
      0.183,
      -0.0228,
      -0.4855,
      -0.5702,
      -0.5159,
      -0.4813,
      -0.2503,
      -0.4211
    ],
    [
      0.1821,
      0.0483,
      0.5184,
      1.0,
      0.5985,
      0.1958,
      0.479,
      -0.4304,
      -0.1472,
      -0.6962,
      -0.648,
      -0.6828,
      -0.002,
      -0.4554,
      0.2174,
      0.8632,
      -0.2805,
      -0.144,
      -0.0462,
      -0.1731,
      -0.2075,
      -0.293,
      -0.4664
    ],
    [
      -0.2289,
      0.041,
      0.3542,
      0.5985,
      1.0,
      -0.0477,
      -0.0287,
      -0.1904,
      0.1201,
      -0.3778,
      -0.3016,
      -0.4615,
      -0.2957,
      0.299,
      -0.2695,
      0.3326,
      0.3378,
      0.0148,
      -0.5479,
      -0.3909,
      -0.6289,
      -0.4705,
      -0.3758
    ],
    [
      0.1833,
      0.6373,
      0.6897,
      0.1958,
      -0.0477,
      1.0,
      0.4475,
      -0.7686,
      -0.3221,
      0.0817,
      0.0316,
      0.0432,
      0.7384,
      0.0617,
      0.3004,
      0.1081,
      -0.3601,
      -0.2465,
      -0.2426,
      -0.5135,
      -0.3827,
      -0.4072,
      -0.6844
    ],
    [
      0.6932,
      0.0846,
      0.0719,
      0.479,
      -0.0287,
      0.4475,
      1.0,
      -0.7273,
      -0.6995,
      -0.6075,
      -0.7318,
      -0.5428,
      0.4265,
      -0.6183,
      0.7621,
      0.6786,
      -0.3872,
      -0.0096,
      0.5425,
      0.0753,
      0.165,
      -0.0643,
      -0.5805
    ],
    [
      -0.443,
      -0.3561,
      -0.5462,
      -0.4304,
      -0.1904,
      -0.7686,
      -0.7273,
      1.0,
      0.5149,
      0.4068,
      0.3484,
      0.3765,
      -0.6823,
      0.1202,
      -0.4872,
      -0.3467,
      0.1942,
      0.3008,
      -0.0497,
      0.273,
      0.1336,
      0.3433,
      0.8209
    ],
    [
      -0.2615,
      -0.1604,
      0.0746,
      -0.1472,
      0.1201,
      -0.3221,
      -0.6995,
      0.5149,
      1.0,
      0.2746,
      0.593,
      0.3176,
      -0.5168,
      0.1543,
      -0.6061,
      -0.4931,
      0.0863,
      0.4269,
      -0.505,
      -0.3842,
      -0.282,
      0.0013,
      0.2571
    ],
    [
      -0.5097,
      0.5568,
      -0.1527,
      -0.6962,
      -0.3778,
      0.0817,
      -0.6075,
      0.4068,
      0.2746,
      1.0,
      0.813,
      0.9659,
      0.2572,
      0.6148,
      -0.2147,
      -0.6478,
      -0.0593,
      0.0426,
      -0.4047,
      -0.0524,
      -0.2575,
      -0.2783,
      0.1592
    ],
    [
      -0.2762,
      0.2962,
      -0.0277,
      -0.648,
      -0.3016,
      0.0316,
      -0.7318,
      0.3484,
      0.593,
      0.813,
      1.0,
      0.8398,
      0.1036,
      0.5792,
      -0.3067,
      -0.837,
      -0.0668,
      0.188,
      -0.4126,
      -0.3326,
      -0.1369,
      -0.2068,
      0.1612
    ],
    [
      -0.3493,
      0.5542,
      -0.2354,
      -0.6828,
      -0.4615,
      0.0432,
      -0.5428,
      0.3765,
      0.3176,
      0.9659,
      0.8398,
      1.0,
      0.3153,
      0.4822,
      -0.0662,
      -0.6323,
      -0.2079,
      0.1362,
      -0.2723,
      -0.0089,
      -0.1345,
      -0.3049,
      0.0948
    ],
    [
      0.1651,
      0.7527,
      0.2989,
      -0.002,
      -0.2957,
      0.7384,
      0.4265,
      -0.6823,
      -0.5168,
      0.2572,
      0.1036,
      0.3153,
      1.0,
      0.0752,
      0.5795,
      0.0911,
      -0.4455,
      -0.4054,
      0.0729,
      0.0181,
      -0.0015,
      -0.4633,
      -0.6354
    ],
    [
      -0.6225,
      0.3591,
      0.099,
      -0.4554,
      0.299,
      0.0617,
      -0.6183,
      0.1202,
      0.1543,
      0.6148,
      0.5792,
      0.4822,
      0.0752,
      1.0,
      -0.4779,
      -0.6059,
      0.5006,
      -0.1709,
      -0.6818,
      -0.2718,
      -0.4989,
      -0.3783,
      -0.0015
    ],
    [
      0.7491,
      0.2995,
      -0.2511,
      0.2174,
      -0.2695,
      0.3004,
      0.7621,
      -0.4872,
      -0.6061,
      -0.2147,
      -0.3067,
      -0.0662,
      0.5795,
      -0.4779,
      1.0,
      0.4758,
      -0.7289,
      0.1843,
      0.6642,
      0.1242,
      0.3549,
      -0.3096,
      -0.5308
    ],
    [
      0.2514,
      0.0579,
      0.183,
      0.8632,
      0.3326,
      0.1081,
      0.6786,
      -0.3467,
      -0.4931,
      -0.6478,
      -0.837,
      -0.6323,
      0.0911,
      -0.6059,
      0.4758,
      1.0,
      -0.363,
      -0.1578,
      0.2929,
      0.1859,
      0.0197,
      -0.1685,
      -0.3534
    ],
    [
      -0.5389,
      -0.4288,
      -0.0228,
      -0.2805,
      0.3378,
      -0.3601,
      -0.3872,
      0.1942,
      0.0863,
      -0.0593,
      -0.0668,
      -0.2079,
      -0.4455,
      0.5006,
      -0.7289,
      -0.363,
      1.0,
      -0.3065,
      -0.328,
      0.18,
      -0.1475,
      0.3881,
      0.3954
    ],
    [
      0.4628,
      -0.1387,
      -0.4855,
      -0.144,
      0.0148,
      -0.2465,
      -0.0096,
      0.3008,
      0.4269,
      0.0426,
      0.188,
      0.1362,
      -0.4054,
      -0.1709,
      0.1843,
      -0.1578,
      -0.3065,
      1.0,
      0.1007,
      -0.4016,
      -0.126,
      -0.1483,
      -0.0532
    ],
    [
      0.6885,
      -0.4233,
      -0.5702,
      -0.0462,
      -0.5479,
      -0.2426,
      0.5425,
      -0.0497,
      -0.505,
      -0.4047,
      -0.4126,
      -0.2723,
      0.0729,
      -0.6818,
      0.6642,
      0.2929,
      -0.328,
      0.1007,
      1.0,
      0.5585,
      0.8746,
      0.4652,
      0.1852
    ],
    [
      -0.1599,
      -0.2517,
      -0.5159,
      -0.1731,
      -0.3909,
      -0.5135,
      0.0753,
      0.273,
      -0.3842,
      -0.0524,
      -0.3326,
      -0.0089,
      0.0181,
      -0.2718,
      0.1242,
      0.1859,
      0.18,
      -0.4016,
      0.5585,
      1.0,
      0.6307,
      0.4623,
      0.4441
    ],
    [
      0.4364,
      -0.5403,
      -0.4813,
      -0.2075,
      -0.6289,
      -0.3827,
      0.165,
      0.1336,
      -0.282,
      -0.2575,
      -0.1369,
      -0.1345,
      -0.0015,
      -0.4989,
      0.3549,
      0.0197,
      -0.1475,
      -0.126,
      0.8746,
      0.6307,
      1.0,
      0.6275,
      0.4603
    ],
    [
      0.0505,
      -0.8206,
      -0.2503,
      -0.293,
      -0.4705,
      -0.4072,
      -0.0643,
      0.3433,
      0.0013,
      -0.2783,
      -0.2068,
      -0.3049,
      -0.4633,
      -0.3783,
      -0.3096,
      -0.1685,
      0.3881,
      -0.1483,
      0.4652,
      0.4623,
      0.6275,
      1.0,
      0.7683
    ],
    [
      -0.3546,
      -0.6529,
      -0.4211,
      -0.4664,
      -0.3758,
      -0.6844,
      -0.5805,
      0.8209,
      0.2571,
      0.1592,
      0.1612,
      0.0948,
      -0.6354,
      -0.0015,
      -0.5308,
      -0.3534,
      0.3954,
      -0.0532,
      0.1852,
      0.4441,
      0.4603,
      0.7683,
      1.0
    ]
  ],
  "euclidean_distance": [
    [
      0.0,
      4.1658,
      4.5235,
      3.5504,
      5.4789,
      3.1057,
      2.1359,
      4.3622,
      3.8816,
      3.9562,
      3.2822,
      3.6546,
      3.5162,
      3.9069,
      1.6846,
      2.6854,
      6.9444,
      3.4561,
      1.8417,
      3.3079,
      2.5137,
      3.6094,
      5.6709
    ],
    [
      4.1658,
      0.0,
      3.549,
      4.0018,
      5.0475,
      2.2286,
      3.8382,
      4.4551,
      3.9405,
      2.3762,
      2.7655,
      2.3632,
      2.0054,
      2.7357,
      2.8497,
      3.2108,
      6.9269,
      5.029,
      3.9255,
      3.6688,
      4.372,
      5.256,
      6.4475
    ],
    [
      4.5235,
      3.549,
      0.0,
      3.0751,
      4.3871,
      2.3621,
      4.181,
      5.1602,
      3.8729,
      4.0804,
      3.6243,
      4.1347,
      3.6529,
      3.5586,
      4.104,
      3.3976,
      6.2337,
      6.0897,
      4.5326,
      4.428,
      4.6971,
      4.7235,
      6.3536
    ],
    [
      3.5504,
      4.0018,
      3.0751,
      0.0,
      3.4761,
      3.4016,
      2.987,
      4.7269,
      4.0613,
      4.6131,
      4.1159,
      4.4931,
      4.1589,
      4.1181,
      3.136,
      1.7341,
      6.7193,
      5.1592,
      3.5563,
      3.7163,
      4.0316,
      4.5738,
      6.2313
    ],
    [
      5.4789,
      5.0475,
      4.3871,
      3.4761,
      0.0,
      4.9874,
      5.2407,
      5.4381,
      4.6526,
      5.3957,
      4.9683,
      5.4443,
      5.8537,
      4.1416,
      5.1004,
      4.074,
      5.5466,
      5.7015,
      5.5029,
      5.2487,
      5.9091,
      6.0648,
      7.099
    ],
    [
      3.1057,
      2.2286,
      2.3621,
      3.4016,
      4.9874,
      0.0,
      2.7599,
      4.6193,
      3.7898,
      2.9355,
      2.7148,
      2.9227,
      1.956,
      2.8335,
      2.4703,
      2.7313,
      6.4446,
      4.9107,
      3.2562,
      3.5494,
      3.7193,
      4.2089,
      6.0732
    ],
    [
      2.1359,
      3.8382,
      4.181,
      2.987,
      5.2407,
      2.7599,
      0.0,
      5.0738,
      4.8055,
      4.3794,
      4.0843,
      4.1975,
      3.0789,
      4.2054,
      1.8908,
      2.1135,
      6.8736,
      4.7775,
      2.4164,
      3.2417,
      3.2875,
      4.0568,
      6.354
    ],
    [
      4.3622,
      4.4551,
      5.1602,
      4.7269,
      5.4381,
      4.6193,
      5.0738,
      0.0,
      2.4444,
      2.5549,
      2.5046,
      2.5723,
      5.0318,
      2.9686,
      3.8164,
      3.5793,
      5.3765,
      3.9033,
      3.2306,
      2.7078,
      3.1469,
      3.0348,
      2.5857
    ],
    [
      3.8816,
      3.9405,
      3.8729,
      4.0613,
      4.6526,
      3.7898,
      4.8055,
      2.4444,
      0.0,
      2.6349,
      1.8924,
      2.5014,
      4.5664,
      2.72,
      3.7277,
      3.5298,
      5.5526,
      3.5103,
      3.605,
      3.427,
      3.6083,
      3.5731,
      4.2945
    ],
    [
      3.9562,
      2.3762,
      4.0804,
      4.6131,
      5.3957,
      2.9355,
      4.3794,
      2.5549,
      2.6349,
      0.0,
      1.1751,
      0.5213,
      3.0628,
      1.6746,
      2.9712,
      3.385,
      5.7193,
      4.2186,
      3.1882,
      2.7318,
      3.3021,
      3.7821,
      4.4011
    ],
    [
      3.2822,
      2.7655,
      3.6243,
      4.1159,
      4.9683,
      2.7148,
      4.0843,
      2.5046,
      1.8924,
      1.1751,
      0.0,
      1.029,
      3.1112,
      1.5256,
      2.6725,
      3.0833,
      5.543,
      3.8112,
      2.7709,
      2.6553,
      2.7879,
      3.343,
      4.2719
    ],
    [
      3.6546,
      2.3632,
      4.1347,
      4.4931,
      5.4443,
      2.9227,
      4.1975,
      2.5723,
      2.5014,
      0.5213,
      1.029,
      0.0,
      2.9097,
      1.8704,
      2.6964,
      3.2621,
      5.9265,
      4.0047,
      2.9395,
      2.588,
      3.0522,
      3.7344,
      4.484
    ],
    [
      3.5162,
      2.0054,
      3.6529,
      4.1589,
      5.8537,
      1.956,
      3.0789,
      5.0318,
      4.5664,
      3.0628,
      3.1112,
      2.9097,
      0.0,
      3.2785,
      2.3573,
      3.2249,
      7.0191,
      5.6267,
      3.2883,
      3.3513,
      3.6076,
      4.7784,
      6.481
    ],
    [
      3.9069,
      2.7357,
      3.5586,
      4.1181,
      4.1416,
      2.8335,
      4.2054,
      2.9686,
      2.72,
      1.6746,
      1.5256,
      1.8704,
      3.2785,
      0.0,
      3.0846,
      3.1419,
      4.6122,
      4.4637,
      3.2837,
      2.821,
      3.4175,
      3.7548,
      4.6119
    ],
    [
      1.6846,
      2.8497,
      4.104,
      3.136,
      5.1004,
      2.4703,
      1.8908,
      3.8164,
      3.7277,
      2.9712,
      2.6725,
      2.6964,
      2.3573,
      3.0846,
      0.0,
      1.8067,
      6.6694,
      3.893,
      1.4756,
      2.3546,
      2.2689,
      3.6803,
      5.4277
    ],
    [
      2.6854,
      3.2108,
      3.3976,
      1.7341,
      4.074,
      2.7313,
      2.1135,
      3.5793,
      3.5298,
      3.385,
      3.0833,
      3.2621,
      3.2249,
      3.1419,
      1.8067,
      0.0,
      6.0797,
      4.411,
      2.0933,
      2.2176,
      2.7341,
      3.4362,
      5.1189
    ],
    [
      6.9444,
      6.9269,
      6.2337,
      6.7193,
      5.5466,
      6.4446,
      6.8736,
      5.3765,
      5.5526,
      5.7193,
      5.543,
      5.9265,
      7.0191,
      4.6122,
      6.6694,
      6.0797,
      0.0,
      7.3533,
      6.0706,
      5.2167,
      5.9529,
      4.8737,
      5.2824
    ],
    [
      3.4561,
      5.029,
      6.0897,
      5.1592,
      5.7015,
      4.9107,
      4.7775,
      3.9033,
      3.5103,
      4.2186,
      3.8112,
      4.0047,
      5.6267,
      4.4637,
      3.893,
      4.411,
      7.3533,
      0.0,
      4.035,
      4.7802,
      4.5987,
      4.974,
      5.8488
    ],
    [
      1.8417,
      3.9255,
      4.5326,
      3.5563,
      5.5029,
      3.2562,
      2.4164,
      3.2306,
      3.605,
      3.1882,
      2.7709,
      2.9395,
      3.2883,
      3.2837,
      1.4756,
      2.0933,
      6.0706,
      4.035,
      0.0,
      1.6685,
      1.0499,
      2.4485,
      4.297
    ],
    [
      3.3079,
      3.6688,
      4.428,
      3.7163,
      5.2487,
      3.5494,
      3.2417,
      2.7078,
      3.427,
      2.7318,
      2.6553,
      2.588,
      3.3513,
      2.821,
      2.3546,
      2.2176,
      5.2167,
      4.7802,
      1.6685,
      0.0,
      1.7198,
      2.4449,
      3.8103
    ],
    [
      2.5137,
      4.372,
      4.6971,
      4.0316,
      5.9091,
      3.7193,
      3.2875,
      3.1469,
      3.6083,
      3.3021,
      2.7879,
      3.0522,
      3.6076,
      3.4175,
      2.2689,
      2.7341,
      5.9529,
      4.5987,
      1.0499,
      1.7198,
      0.0,
      2.1512,
      3.7786
    ],
    [
      3.6094,
      5.256,
      4.7235,
      4.5738,
      6.0648,
      4.2089,
      4.0568,
      3.0348,
      3.5731,
      3.7821,
      3.343,
      3.7344,
      4.7784,
      3.7548,
      3.6803,
      3.4362,
      4.8737,
      4.974,
      2.4485,
      2.4449,
      2.1512,
      0.0,
      2.779
    ],
    [
      5.6709,
      6.4475,
      6.3536,
      6.2313,
      7.099,
      6.0732,
      6.354,
      2.5857,
      4.2945,
      4.4011,
      4.2719,
      4.484,
      6.481,
      4.6119,
      5.4277,
      5.1189,
      5.2824,
      5.8488,
      4.297,
      3.8103,
      3.7786,
      2.779,
      0.0
    ]
  ],
  "linkage": [
    [
      9.0,
      11.0,
      0.521277,
      2.0
    ],
    [
      18.0,
      20.0,
      1.04992,
      2.0
    ],
    [
      10.0,
      23.0,
      1.239305,
      3.0
    ],
    [
      0.0,
      14.0,
      1.684571,
      2.0
    ],
    [
      3.0,
      15.0,
      1.73408,
      2.0
    ],
    [
      19.0,
      24.0,
      1.860223,
      3.0
    ],
    [
      5.0,
      12.0,
      1.956035,
      2.0
    ],
    [
      13.0,
      25.0,
      1.965556,
      4.0
    ],
    [
      6.0,
      26.0,
      2.11634,
      3.0
    ],
    [
      1.0,
      29.0,
      2.171801,
      3.0
    ],
    [
      7.0,
      8.0,
      2.444426,
      2.0
    ],
    [
      21.0,
      28.0,
      2.675737,
      4.0
    ],
    [
      30.0,
      33.0,
      3.405257,
      6.0
    ],
    [
      2.0,
      27.0,
      3.605185,
      3.0
    ],
    [
      22.0,
      34.0,
      4.432731,
      5.0
    ],
    [
      4.0,
      36.0,
      4.467923,
      4.0
    ],
    [
      31.0,
      32.0,
      4.732232,
      6.0
    ],
    [
      17.0,
      35.0,
      4.905446,
      7.0
    ],
    [
      38.0,
      39.0,
      6.154168,
      10.0
    ],
    [
      37.0,
      40.0,
      6.355168,
      12.0
    ],
    [
      16.0,
      42.0,
      7.073988,
      13.0
    ],
    [
      41.0,
      43.0,
      9.316635,
      23.0
    ]
  ],
  "cluster_ids": {
    "JENA31": 1,
    "JENA31DW1": 1,
    "BIALA19": 1,
    "BIALA20": 1,
    "BIALA21": 1,
    "FROSTILLICUS2": 1,
    "GRANCHIO4": 1,
    "HOBBES5": 3,
    "HOBBES6": 3,
    "MCKINLAY20": 3,
    "MCKINLAY21": 3,
    "MCKINLAY22": 3,
    "MCKINLAY23": 1,
    "MCKINLAY24": 3,
    "STIMPEE6": 1,
    "STIMPEE7": 1,
    "TERINGIE6": 4,
    "MCKINLAY10": 3,
    "MCKINLAY11": 2,
    "MCKINLAY12": 2,
    "MCKINLAY13": 2,
    "MCKINLAY14": 2,
    "MCKINLAY15": 2
  }
}