{
  "aliases": [
    "JENA31",
    "JENA31DW1",
    "BIALA19",
    "BIALA20",
    "BIALA21",
    "FROSTILLICUS2",
    "GRANCHIO4",
    "HOBBES5",
    "HOBBES6",
    "MCKINLAY20",
    "MCKINLAY21",
    "MCKINLAY22",
    "MCKINLAY23",
    "MCKINLAY24",
    "STIMPEE6",
    "STIMPEE7",
    "TERINGIE6",
    "MCKINLAY10",
    "MCKINLAY11",
    "MCKINLAY12",
    "MCKINLAY13",
    "MCKINLAY14",
    "MCKINLAY15"
  ],
  "features": [
    "mean_pct_ss",
    "mean_grain_ordinal",
    "mean_avg_GR",
    "mean_RES_DEEP",
    "pay_pct",
    "mean_WRCI",
    "pct_high_risk",
    "pct_zoi"
  ],
  "feature_means": [
    91.98936986683667,
    1.3842326108437863,
    89.15922361799771,
    32.24940923073952,
    61.90422165581881,
    24.883731485181315,
    0.027344818156959255,
    1.935958143933055
  ],
  "feature_stds": [
    7.37681632475926,
    1.5084785725683594,
    6.965151658414671,
    7.645068037850418,
    17.08556777036527,
    4.195533443440973,
    0.12825856603290756,
    2.618140408356986
  ],
  "cosine_similarity": [
    [
      1.0,
      -0.2666,
      -0.1985,
      0.1444,
      -0.176,
      0.1628,
      0.6895,
      -0.4656,
      -0.264,
      -0.5633,
      -0.2779,
      -0.4182,
      0.1152,
      -0.7017,
      0.7077,
      0.218,
      -0.4099,
      0.4448,
      0.6629,
      -0.1447,
      0.4385,
      0.092,
      -0.3478
    ],
    [
      -0.2666,
      1.0,
      0.2995,
      -0.0043,
      0.1302,
      0.6129,
      0.0677,
      -0.3593,
      -0.1745,
      0.5387,
      0.309,
      0.5411,
      0.7411,
      0.5556,
      0.2819,
      0.0386,
      -0.3505,
      -0.1686,
      -0.3543,
      -0.2066,
      -0.4536,
      -0.8519,
      -0.6574
    ],
    [
      -0.1985,
      0.2995,
      1.0,
      0.545,
      0.515,
      0.6947,
      0.0616,
      -0.5715,
      0.0679,
      -0.1466,
      -0.0335,
      -0.254,
      0.3038,
      0.2528,
      -0.2882,
      0.1583,
      0.0073,
      -0.4829,
      -0.6244,
      -0.5481,
      -0.548,
      -0.2638,
      -0.4401
    ],
    [
      0.1444,
      -0.0043,
      0.545,
      1.0,
      0.8331,
      0.1857,
      0.4591,
      -0.4511,
      -0.1366,
      -0.7333,
      -0.6516,
      -0.7514,
      -0.0519,
      -0.468,
      0.1339,
      0.8394,
      -0.168,
      -0.176,
      -0.0977,
      -0.1833,
      -0.2388,
      -0.2654,
      -0.4609
    ],
    [
      -0.176,
      0.1302,
      0.515,
      0.8331,
      1.0,
      0.0734,
      0.0589,
      -0.1236,
      0.2875,
      -0.3723,
      -0.3321,
      -0.4262,
      -0.2783,
      -0.0834,
      -0.2085,
      0.5634,
      -0.0702,
      0.0886,
      -0.5113,
      -0.4136,
      -0.6288,
      -0.4505,
      -0.3825
    ],
    [
      0.1628,
      0.6129,
      0.6947,
      0.1857,
      0.0734,
      1.0,
      0.4321,
      -0.8039,
      -0.3406,
      0.0674,
      0.0325,
      0.0073,
      0.7354,
      0.2456,
      0.2553,
      0.0705,
      -0.2602,
      -0.2701,
      -0.2821,
      -0.5234,
      -0.4104,
      -0.4239,
      -0.7063
    ],
    [
      0.6895,
      0.0677,
      0.0616,
      0.4591,
      0.0589,
      0.4321,
      1.0,
      -0.7491,
      -0.7291,
      -0.6348,
      -0.7222,
      -0.586,
      0.4153,
      -0.6886,
      0.7587,
      0.6713,
      -0.3075,
      -0.0286,
      0.5186,
      0.0871,
      0.1676,
      -0.0703,
      -0.5947
    ],
    [
      -0.4656,
      -0.3593,
      -0.5715,
      -0.4511,
      -0.1236,
      -0.8039,
      -0.7491,
      1.0,
      0.4944,
      0.4105,
      0.3577,
      0.376,
      -0.7062,
      0.2976,
      -0.4989,
      -0.371,
      0.1733,
      0.3035,
      -0.0549,
      0.2716,
      0.1198,
      0.3152,
      0.8192
    ],
    [
      -0.264,
      -0.1745,
      0.0679,
      -0.1366,
      0.2875,
      -0.3406,
      -0.7291,
      0.4944,
      1.0,
      0.286,
      0.5976,
      0.3133,
      -0.5326,
      0.3912,
      -0.6438,
      -0.5374,
      0.0987,
      0.4425,
      -0.559,
      -0.4211,
      -0.3521,
      -0.0437,
      0.232
    ],
    [
      -0.5633,
      0.5387,
      -0.1466,
      -0.7333,
      -0.3723,
      0.0674,
      -0.6348,
      0.4105,
      0.286,
      1.0,
      0.8191,
      0.966,
      0.2338,
      0.9042,
      -0.2701,
      -0.6903,
      -0.0394,
      0.0228,
      -0.3917,
      -0.0387,
      -0.2419,
      -0.2704,
      0.1754
    ],
    [
      -0.2779,
      0.309,
      -0.0335,
      -0.6516,
      -0.3321,
      0.0325,
      -0.7222,
      0.3577,
      0.5976,
      0.8191,
      1.0,
      0.8594,
      0.1119,
      0.7797,
      -0.2898,
      -0.8272,
      -0.1553,
      0.1912,
      -0.3513,
      -0.2949,
      -0.0946,
      -0.213,
      0.1653
    ],
    [
      -0.4182,
      0.5411,
      -0.254,
      -0.7514,
      -0.4262,
      0.0073,
      -0.586,
      0.376,
      0.3133,
      0.966,
      0.8594,
      1.0,
      0.2877,
      0.8055,
      -0.1208,
      -0.6962,
      -0.1369,
      0.1101,
      -0.2566,
      0.0139,
      -0.1097,
      -0.3244,
      0.1018
    ],
    [
      0.1152,
      0.7411,
      0.3038,
      -0.0519,
      -0.2783,
      0.7354,
      0.4153,
      -0.7062,
      -0.5326,
      0.2338,
      0.1119,
      0.2877,
      1.0,
      0.1963,
      0.5437,
      0.0593,
      -0.3415,
      -0.4562,
      0.0875,
      0.0474,
      0.0341,
      -0.4601,
      -0.6401
    ],
    [
      -0.7017,
      0.5556,
      0.2528,
      -0.468,
      -0.0834,
      0.2456,
      -0.6886,
      0.2976,
      0.3912,
      0.9042,
      0.7797,
      0.8055,
      0.1963,
      1.0,
      -0.4949,
      -0.6039,
      -0.0006,
      -0.1412,
      -0.6837,
      -0.2699,
      -0.4862,
      -0.31,
      0.1098
    ],
    [
      0.7077,
      0.2819,
      -0.2882,
      0.1339,
      -0.2085,
      0.2553,
      0.7587,
      -0.4989,
      -0.6438,
      -0.2701,
      -0.2898,
      -0.1208,
      0.5437,
      -0.4949,
      1.0,
      0.4613,
      -0.6029,
      0.1422,
      0.7289,
      0.1982,
      0.456,
      -0.3129,
      -0.5299
    ],
    [
      0.218,
      0.0386,
      0.1583,
      0.8394,
      0.5634,
      0.0705,
      0.6713,
      -0.371,
      -0.5374,
      -0.6903,
      -0.8272,
      -0.6962,
      0.0593,
      -0.6039,
      0.4613,
      1.0,
      -0.282,
      -0.19,
      0.2938,
      0.2103,
      0.0428,
      -0.1958,
      -0.3708
    ],
    [
      -0.4099,
      -0.3505,
      0.0073,
      -0.168,
      -0.0702,
      -0.2602,
      -0.3075,
      0.1733,
      0.0987,
      -0.0394,
      -0.1553,
      -0.1369,
      -0.3415,
      -0.0006,
      -0.6029,
      -0.282,
      1.0,
      -0.2273,
      -0.3248,
      0.0509,
      -0.1981,
      0.3531,
      0.3384
    ],
    [
      0.4448,
      -0.1686,
      -0.4829,
      -0.176,
      0.0886,
      -0.2701,
      -0.0286,
      0.3035,
      0.4425,
      0.0228,
      0.1912,
      0.1101,
      -0.4562,
      -0.1412,
      0.1422,
      -0.19,
      -0.2273,
      1.0,
      0.0941,
      -0.387,
      -0.1118,
      -0.1358,
      -0.042
    ],
    [
      0.6629,
      -0.3543,
      -0.6244,
      -0.0977,
      -0.5113,
      -0.2821,
      0.5186,
      -0.0549,
      -0.559,
      -0.3917,
      -0.3513,
      -0.2566,
      0.0875,
      -0.6837,
      0.7289,
      0.2938,
      -0.3248,
      0.0941,
      1.0,
      0.5801,
      0.8904,
      0.3551,
      0.1391
    ],
    [
      -0.1447,
      -0.2066,
      -0.5481,
      -0.1833,
      -0.4136,
      -0.5234,
      0.0871,
      0.2716,
      -0.4211,
      -0.0387,
      -0.2949,
      0.0139,
      0.0474,
      -0.2699,
      0.1982,
      0.2103,
      0.0509,
      -0.387,
      0.5801,
      1.0,
      0.643,
      0.4099,
      0.4186
    ],
    [
      0.4385,
      -0.4536,
      -0.548,
      -0.2388,
      -0.6288,
      -0.4104,
      0.1676,
      0.1198,
      -0.3521,
      -0.2419,
      -0.0946,
      -0.1097,
      0.0341,
      -0.4862,
      0.456,
      0.0428,
      -0.1981,
      -0.1118,
      0.8904,
      0.643,
      1.0,
      0.5007,
      0.3959
    ],
    [
      0.092,
      -0.8519,
      -0.2638,
      -0.2654,
      -0.4505,
      -0.4239,
      -0.0703,
      0.3152,
      -0.0437,
      -0.2704,
      -0.213,
      -0.3244,
      -0.4601,
      -0.31,
      -0.3129,
      -0.1958,
      0.3531,
      -0.1358,
      0.3551,
      0.4099,
      0.5007,
      1.0,
      0.7558
    ],
    [
      -0.3478,
      -0.6574,
      -0.4401,
      -0.4609,
      -0.3825,
      -0.7063,
      -0.5947,
      0.8192,
      0.232,
      0.1754,
      0.1653,
      0.1018,
      -0.6401,
      0.1098,
      -0.5299,
      -0.3708,
      0.3384,
      -0.042,
      0.1391,
      0.4186,
      0.3959,
      0.7558,
      1.0
    ]
  ],
  "euclidean_distance": [
    [
      0.0,
      4.1877,
      4.4887,
      3.5659,
      4.6821,
      3.0803,
      2.1167,
      4.3119,
      3.7939,
      3.9425,
      3.2285,
      3.6465,
      3.5194,
      3.5749,
      1.7403,
      2.6671,
      7.4209,
      3.456,
      1.8634,
      3.2441,
      2.513,
      3.4196,
      5.5403
    ],
    [
      4.1877,
      0.0,
      3.6255,
      4.0772,
      4.238,
      2.2823,
      3.8442,
      4.4257,
      3.921,
      2.4024,
      2.7344,
      2.3729,
      2.0172,
      2.328,
      2.8484,
      3.2091,
      7.5119,
      5.0441,
      3.8941,
      3.6116,
      4.3244,
      5.1986,
      6.3728
    ],
    [
      4.4887,
      3.6255,
      0.0,
      2.9974,
      3.3901,
      2.37,
      4.2137,
      5.2125,
      3.8921,
      4.0908,
      3.6711,
      4.1678,
      3.6248,
      3.2356,
      4.1545,
      3.4574,
      6.8794,
      6.0758,
      4.7197,
      4.5262,
      4.9195,
      4.7119,
      6.3595
    ],
    [
      3.5659,
      4.0772,
      2.9974,
      0.0,
      1.976,
      3.39,
      3.0159,
      4.7162,
      3.9927,
      4.6191,
      4.1068,
      4.5157,
      4.1869,
      3.8093,
      3.2306,
      1.7923,
      7.1789,
      5.1737,
      3.6681,
      3.7244,
      4.1361,
      4.4338,
      6.133
    ],
    [
      4.6821,
      4.238,
      3.3901,
      1.976,
      0.0,
      4.1007,
      4.4289,
      4.6532,
      3.6529,
      4.6907,
      4.3163,
      4.6698,
      5.1251,
      3.9376,
      4.2945,
      2.9684,
      7.2496,
      4.9483,
      4.827,
      4.6059,
      5.3011,
      5.288,
      6.4531
    ],
    [
      3.0803,
      2.2823,
      2.37,
      3.39,
      4.1007,
      0.0,
      2.7725,
      4.6228,
      3.7668,
      2.9327,
      2.7056,
      2.9354,
      1.9195,
      2.3705,
      2.506,
      2.7521,
      7.0181,
      4.9008,
      3.3648,
      3.5675,
      3.8317,
      4.1403,
      6.0218
    ],
    [
      2.1167,
      3.8442,
      4.2137,
      3.0159,
      4.4289,
      2.7725,
      0.0,
      5.0607,
      4.7877,
      4.3785,
      4.066,
      4.1975,
      3.0552,
      3.9227,
      1.891,
      2.1137,
      7.4424,
      4.7713,
      2.4634,
      3.2176,
      3.3229,
      3.9874,
      6.2944
    ],
    [
      4.3119,
      4.4257,
      5.2125,
      4.7162,
      4.6532,
      4.6228,
      5.0607,
      0.0,
      2.4648,
      2.5251,
      2.4748,
      2.5423,
      4.9761,
      2.5337,
      3.7678,
      3.5657,
      6.1623,
      3.8548,
      3.2808,
      2.7041,
      3.2207,
      3.0327,
      2.543
    ],
    [
      3.7939,
      3.921,
      3.8921,
      3.9927,
      3.6529,
      3.7668,
      4.7877,
      2.4648,
      0.0,
      2.5796,
      1.8549,
      2.4637,
      4.4892,
      2.1779,
      3.6887,
      3.5188,
      6.2706,
      3.4294,
      3.7187,
      3.4606,
      3.7631,
      3.558,
      4.2795
    ],
    [
      3.9425,
      2.4024,
      4.0908,
      4.6191,
      4.6907,
      2.9327,
      4.3785,
      2.5251,
      2.5796,
      0.0,
      1.147,
      0.519,
      3.042,
      0.9444,
      2.9853,
      3.3857,
      6.4547,
      4.2094,
      3.2434,
      2.7229,
      3.36,
      3.6839,
      4.3017
    ],
    [
      3.2285,
      2.7344,
      3.6711,
      4.1068,
      4.3163,
      2.7056,
      4.066,
      2.4748,
      1.8549,
      1.147,
      0.0,
      0.9487,
      3.041,
      0.969,
      2.6259,
      3.0625,
      6.4724,
      3.7709,
      2.8122,
      2.6573,
      2.8433,
      3.2825,
      4.2026
    ],
    [
      3.6465,
      2.3729,
      4.1678,
      4.5157,
      4.6698,
      2.9354,
      4.1975,
      2.5423,
      2.4637,
      0.519,
      0.9487,
      0.0,
      2.888,
      1.1006,
      2.6974,
      3.2614,
      6.5762,
      3.9994,
      2.971,
      2.5518,
      3.0806,
      3.6548,
      4.3945
    ],
    [
      3.5194,
      2.0172,
      3.6248,
      4.1869,
      5.1251,
      1.9195,
      3.0552,
      4.9761,
      4.4892,
      3.042,
      3.041,
      2.888,
      0.0,
      2.8817,
      2.3716,
      3.1956,
      7.5048,
      5.6266,
      3.2534,
      3.2592,
      3.5537,
      4.6344,
      6.3584
    ],
    [
      3.5749,
      2.328,
      3.2356,
      3.8093,
      3.9376,
      2.3705,
      3.9227,
      2.5337,
      2.1779,
      0.9444,
      0.969,
      1.1006,
      2.8817,
      0.0,
      2.7202,
      2.7595,
      6.2201,
      4.1828,
      3.0208,
      2.5377,
      3.1826,
      3.3123,
      4.2561
    ],
    [
      1.7403,
      2.8484,
      4.1545,
      3.2306,
      4.2945,
      2.506,
      1.891,
      3.7678,
      3.6887,
      2.9853,
      2.6259,
      2.6974,
      2.3716,
      2.7202,
      0.0,
      1.7887,
      7.2559,
      3.9123,
      1.3514,
      2.2399,
      2.1435,
      3.57,
      5.3201
    ],
    [
      2.6671,
      3.2091,
      3.4574,
      1.7923,
      2.9684,
      2.7521,
      2.1137,
      3.5657,
      3.5188,
      3.3857,
      3.0625,
      3.2614,
      3.1956,
      2.7595,
      1.7887,
      0.0,
      6.7384,
      4.4024,
      2.1402,
      2.1855,
      2.7718,
      3.3763,
      5.0566
    ],
    [
      7.4209,
      7.5119,
      6.8794,
      7.1789,
      7.2496,
      7.0181,
      7.4424,
      6.1623,
      6.2706,
      6.4547,
      6.4724,
      6.5762,
      7.5048,
      6.2201,
      7.2559,
      6.7384,
      0.0,
      7.8241,
      6.9168,
      6.2322,
      6.8818,
      5.6917,
      6.089
    ],
    [
      3.456,
      5.0441,
      6.0758,
      5.1737,
      4.9483,
      4.9008,
      4.7713,
      3.8548,
      3.4294,
      4.2094,
      3.7709,
      3.9994,
      5.6266,
      4.1828,
      3.9123,
      4.4024,
      7.8241,
      0.0,
      4.0458,
      4.7409,
      4.6001,
      4.8554,
      5.7348
    ],
    [
      1.8634,
      3.8941,
      4.7197,
      3.6681,
      4.827,
      3.3648,
      2.4634,
      3.2808,
      3.7187,
      3.2434,
      2.8122,
      2.971,
      3.2534,
      3.0208,
      1.3514,
      2.1402,
      6.9168,
      4.0458,
      0.0,
      1.6907,
      1.0402,
      2.6259,
      4.3431
    ],
    [
      3.2441,
      3.6116,
      4.5262,
      3.7244,
      4.6059,
      3.5675,
      3.2176,
      2.7041,
      3.4606,
      2.7229,
      2.6573,
      2.5518,
      3.2592,
      2.5377,
      2.2399,
      2.1855,
      6.2322,
      4.7409,
      1.6907,
      0.0,
      1.7681,
      2.4851,
      3.7955
    ],
    [
      2.513,
      4.3244,
      4.9195,
      4.1361,
      5.3011,
      3.8317,
      3.3229,
      3.2207,
      3.7631,
      3.36,
      2.8433,
      3.0806,
      3.5537,
      3.1826,
      2.1435,
      2.7718,
      6.8818,
      4.6001,
      1.0402,
      1.7681,
      0.0,
      2.4552,
      3.8866
    ],
    [
      3.4196,
      5.1986,
      4.7119,
      4.4338,
      5.288,
      4.1403,
      3.9874,
      3.0327,
      3.558,
      3.6839,
      3.2825,
      3.6548,
      4.6344,
      3.3123,
      3.57,
      3.3763,
      5.6917,
      4.8554,
      2.6259,
      2.4851,
      2.4552,
      0.0,
      2.791
    ],
    [
      5.5403,
      6.3728,
      6.3595,
      6.133,
      6.4531,
      6.0218,
      6.2944,
      2.543,
      4.2795,
      4.3017,
      4.2026,
      4.3945,
      6.3584,
      4.2561,
      5.3201,
      5.0566,
      6.089,
      5.7348,
      4.3431,
      3.7955,
      3.8866,
      2.791,
      0.0
    ]
  ],
  "linkage": [
    [
      9.0,
      11.0,
      0.519004,
      2.0
    ],
    [
      10.0,
      13.0,
      0.968974,
      2.0
    ],
    [
      18.0,
      20.0,
      1.040232,
      2.0
    ],
    [
      23.0,
      24.0,
      1.247132,
      4.0
    ],
    [
      0.0,
      14.0,
      1.740343,
      2.0
    ],
    [
      3.0,
      15.0,
      1.792286,
      2.0
    ],
    [
      19.0,
      25.0,
      1.905038,
      3.0
    ],
    [
      5.0,
      12.0,
      1.919533,
      2.0
    ],
    [
      6.0,
      27.0,
      2.088368,
      3.0
    ],
    [
      1.0,
      30.0,
      2.226492,
      3.0
    ],
    [
      7.0,
      8.0,
      2.464771,
      2.0
    ],
    [
      4.0,
      28.0,
      2.721468,
      3.0
    ],
    [
      21.0,
      22.0,
      2.790977,
      2.0
    ],
    [
      26.0,
      33.0,
      3.234087,
      6.0
    ],
    [
      2.0,
      34.0,
      3.6825,
      4.0
    ],
    [
      29.0,
      31.0,
      3.699606,
      6.0
    ],
    [
      17.0,
      36.0,
      4.852149,
      7.0
    ],
    [
      32.0,
      37.0,
      5.68511,
      7.0
    ],
    [
      35.0,
      39.0,
      5.873912,
      9.0
    ],
    [
      38.0,
      40.0,
      6.659208,
      13.0
    ],
    [
      16.0,
      41.0,
      8.135183,
      10.0
    ],
    [
      42.0,
      43.0,
      9.022734,
      23.0
    ]
  ],
  "cluster_ids": {
    "JENA31": 1,
    "JENA31DW1": 2,
    "BIALA19": 2,
    "BIALA20": 2,
    "BIALA21": 2,
    "FROSTILLICUS2": 2,
    "GRANCHIO4": 1,
    "HOBBES5": 3,
    "HOBBES6": 3,
    "MCKINLAY20": 3,
    "MCKINLAY21": 3,
    "MCKINLAY22": 3,
    "MCKINLAY23": 2,
    "MCKINLAY24": 3,
    "STIMPEE6": 1,
    "STIMPEE7": 2,
    "TERINGIE6": 4,
    "MCKINLAY10": 3,
    "MCKINLAY11": 1,
    "MCKINLAY12": 1,
    "MCKINLAY13": 1,
    "MCKINLAY14": 3,
    "MCKINLAY15": 3
  }
}