{
  "aliases": [
    "JENA31",
    "JENA31DW1",
    "BIALA19",
    "BIALA20",
    "BIALA21",
    "FROSTILLICUS2",
    "GRANCHIO4",
    "HOBBES5",
    "HOBBES6",
    "MCKINLAY20",
    "MCKINLAY21",
    "MCKINLAY22",
    "MCKINLAY23",
    "MCKINLAY24",
    "STIMPEE6",
    "STIMPEE7",
    "TERINGIE6",
    "MCKINLAY10",
    "MCKINLAY11",
    "MCKINLAY12",
    "MCKINLAY13",
    "MCKINLAY14",
    "MCKINLAY15"
  ],
  "features": [
    "mean_pct_ss",
    "mean_grain_ordinal",
    "mean_avg_GR",
    "mean_RES_DEEP",
    "pay_pct",
    "mean_WRCI",
    "pct_high_risk",
    "pct_zoi"
  ],
  "feature_means": [
    91.98936986683667,
    1.3842326108437863,
    89.15922361799771,
    32.24940923073952,
    61.90422165581881,
    29.86330861714112,
    0.05468963631391851,
    1.935958143933055
  ],
  "feature_stds": [
    7.37681632475926,
    1.5084785725683594,
    6.965151658414671,
    7.645068037850418,
    17.08556777036527,
    7.277976563522509,
    0.2565171320658151,
    2.618140408356986
  ],
  "cosine_similarity": [
    [
      1.0,
      -0.3755,
      -0.1318,
      0.1781,
      -0.1351,
      0.1006,
      0.6751,
      -0.4899,
      -0.2447,
      -0.526,
      -0.2119,
      -0.4007,
      0.0903,
      -0.6697,
      0.7926,
      0.0956,
      -0.3697,
      0.4432,
      0.5993,
      -0.1289,
      0.4022,
      0.1068,
      -0.3338
    ],
    [
      -0.3755,
      1.0,
      0.5181,
      0.0395,
      0.2118,
      0.5454,
      0.0091,
      -0.4284,
      -0.1198,
      0.5571,
      0.3307,
      0.5135,
      0.7088,
      0.6582,
      0.0225,
      -0.1387,
      -0.2198,
      -0.1997,
      -0.4493,
      -0.224,
      -0.5419,
      -0.7257,
      -0.6454
    ],
    [
      -0.1318,
      0.5181,
      1.0,
      0.5452,
      0.4952,
      0.6968,
      0.1296,
      -0.4983,
      -0.0114,
      -0.1357,
      -0.0373,
      -0.1994,
      0.4194,
      0.2202,
      -0.0381,
      0.3112,
      -0.1987,
      -0.473,
      -0.4966,
      -0.5276,
      -0.4535,
      -0.3883,
      -0.5365
    ],
    [
      0.1781,
      0.0395,
      0.5452,
      1.0,
      0.8364,
      0.0662,
      0.4567,
      -0.4908,
      -0.2209,
      -0.605,
      -0.465,
      -0.5964,
      0.0345,
      -0.4248,
      0.241,
      0.7006,
      -0.2754,
      -0.1076,
      0.0469,
      -0.0879,
      -0.1056,
      -0.381,
      -0.5102
    ],
    [
      -0.1351,
      0.2118,
      0.4952,
      0.8364,
      1.0,
      0.0092,
      0.0776,
      -0.1601,
      0.1957,
      -0.3017,
      -0.2316,
      -0.3258,
      -0.1953,
      -0.077,
      -0.1514,
      0.5229,
      -0.1912,
      0.1344,
      -0.3533,
      -0.331,
      -0.4932,
      -0.5336,
      -0.4373
    ],
    [
      0.1006,
      0.5454,
      0.6968,
      0.0662,
      0.0092,
      1.0,
      0.3991,
      -0.4448,
      -0.132,
      -0.0838,
      -0.1729,
      -0.1634,
      0.5079,
      0.152,
      0.2864,
      0.2485,
      -0.112,
      -0.3455,
      -0.4681,
      -0.5961,
      -0.5469,
      -0.0829,
      -0.51
    ],
    [
      0.6751,
      0.0091,
      0.1296,
      0.4567,
      0.0776,
      0.3991,
      1.0,
      -0.6799,
      -0.6662,
      -0.6252,
      -0.6642,
      -0.5916,
      0.3677,
      -0.6782,
      0.9193,
      0.6077,
      -0.2531,
      -0.0494,
      0.4207,
      0.0602,
      0.107,
      0.0037,
      -0.5588
    ],
    [
      -0.4899,
      -0.4284,
      -0.4983,
      -0.4908,
      -0.1601,
      -0.4448,
      -0.6799,
      1.0,
      0.6104,
      0.1948,
      0.0739,
      0.125,
      -0.7889,
      0.2011,
      -0.7207,
      -0.1416,
      0.3568,
      0.1427,
      -0.3163,
      0.0635,
      -0.1291,
      0.5512,
      0.8544
    ],
    [
      -0.2447,
      -0.1198,
      -0.0114,
      -0.2209,
      0.1957,
      -0.132,
      -0.6662,
      0.6104,
      1.0,
      0.1597,
      0.3543,
      0.1862,
      -0.5574,
      0.2907,
      -0.65,
      -0.2586,
      0.0918,
      0.3519,
      -0.603,
      -0.4804,
      -0.4115,
      0.0853,
      0.2687
    ],
    [
      -0.526,
      0.5571,
      -0.1357,
      -0.605,
      -0.3017,
      -0.0838,
      -0.6252,
      0.1948,
      0.1597,
      1.0,
      0.837,
      0.9741,
      0.3032,
      0.9106,
      -0.4046,
      -0.7868,
      -0.1054,
      0.0922,
      -0.1984,
      0.067,
      -0.0934,
      -0.3918,
      0.0939
    ],
    [
      -0.2119,
      0.3307,
      -0.0373,
      -0.465,
      -0.2316,
      -0.1729,
      -0.6642,
      0.0739,
      0.3543,
      0.837,
      1.0,
      0.8892,
      0.2346,
      0.7655,
      -0.3672,
      -0.912,
      -0.2758,
      0.2738,
      -0.0622,
      -0.0981,
      0.1133,
      -0.4223,
      0.0341
    ],
    [
      -0.4007,
      0.5135,
      -0.1994,
      -0.5964,
      -0.3258,
      -0.1634,
      -0.5916,
      0.125,
      0.1862,
      0.9741,
      0.8892,
      1.0,
      0.3408,
      0.8331,
      -0.3129,
      -0.8497,
      -0.1637,
      0.1746,
      -0.0862,
      0.1223,
      0.0195,
      -0.4283,
      0.0299
    ],
    [
      0.0903,
      0.7088,
      0.4194,
      0.0345,
      -0.1953,
      0.5079,
      0.3677,
      -0.7889,
      -0.5574,
      0.3032,
      0.2346,
      0.3408,
      1.0,
      0.271,
      0.5025,
      -0.1683,
      -0.3243,
      -0.3898,
      0.1525,
      0.1229,
      0.0949,
      -0.4914,
      -0.6521
    ],
    [
      -0.6697,
      0.6582,
      0.2202,
      -0.4248,
      -0.077,
      0.152,
      -0.6782,
      0.2011,
      0.2907,
      0.9106,
      0.7655,
      0.8331,
      0.271,
      1.0,
      -0.5696,
      -0.6061,
      -0.1081,
      -0.0864,
      -0.5055,
      -0.1881,
      -0.3533,
      -0.4089,
      0.0461
    ],
    [
      0.7926,
      0.0225,
      -0.0381,
      0.241,
      -0.1514,
      0.2864,
      0.9193,
      -0.7207,
      -0.65,
      -0.4046,
      -0.3672,
      -0.3129,
      0.5025,
      -0.5696,
      1.0,
      0.283,
      -0.412,
      0.0967,
      0.6149,
      0.1677,
      0.331,
      -0.0528,
      -0.5528
    ],
    [
      0.0956,
      -0.1387,
      0.3112,
      0.7006,
      0.5229,
      0.2485,
      0.6077,
      -0.1416,
      -0.2586,
      -0.7868,
      -0.912,
      -0.8497,
      -0.1683,
      -0.6061,
      0.283,
      1.0,
      0.0136,
      -0.3194,
      -0.0848,
      0.0048,
      -0.2516,
      0.2074,
      -0.1746
    ],
    [
      -0.3697,
      -0.2198,
      -0.1987,
      -0.2754,
      -0.1912,
      -0.112,
      -0.2531,
      0.3568,
      0.0918,
      -0.1054,
      -0.2758,
      -0.1637,
      -0.3243,
      -0.1081,
      -0.412,
      0.0136,
      1.0,
      -0.2586,
      -0.3,
      0.0067,
      -0.1836,
      0.3247,
      0.3419
    ],
    [
      0.4432,
      -0.1997,
      -0.473,
      -0.1076,
      0.1344,
      -0.3455,
      -0.0494,
      0.1427,
      0.3519,
      0.0922,
      0.2738,
      0.1746,
      -0.3898,
      -0.0864,
      0.0967,
      -0.3194,
      -0.2586,
      1.0,
      0.1734,
      -0.2869,
      -0.0271,
      -0.2189,
      -0.0822
    ],
    [
      0.5993,
      -0.4493,
      -0.4966,
      0.0469,
      -0.3533,
      -0.4681,
      0.4207,
      -0.3163,
      -0.603,
      -0.1984,
      -0.0622,
      -0.0862,
      0.1525,
      -0.5055,
      0.6149,
      -0.0848,
      -0.3,
      0.1734,
      1.0,
      0.6454,
      0.9029,
      0.1236,
      0.0589
    ],
    [
      -0.1289,
      -0.224,
      -0.5276,
      -0.0879,
      -0.331,
      -0.5961,
      0.0602,
      0.0635,
      -0.4804,
      0.067,
      -0.0981,
      0.1223,
      0.1229,
      -0.1881,
      0.1677,
      0.0048,
      0.0067,
      -0.2869,
      0.6454,
      1.0,
      0.6927,
      0.1929,
      0.324
    ],
    [
      0.4022,
      -0.5419,
      -0.4535,
      -0.1056,
      -0.4932,
      -0.5469,
      0.107,
      -0.1291,
      -0.4115,
      -0.0934,
      0.1133,
      0.0195,
      0.0949,
      -0.3533,
      0.331,
      -0.2516,
      -0.1836,
      -0.0271,
      0.9029,
      0.6927,
      1.0,
      0.2773,
      0.3095
    ],
    [
      0.1068,
      -0.7257,
      -0.3883,
      -0.381,
      -0.5336,
      -0.0829,
      0.0037,
      0.5512,
      0.0853,
      -0.3918,
      -0.4223,
      -0.4283,
      -0.4914,
      -0.4089,
      -0.0528,
      0.2074,
      0.3247,
      -0.2189,
      0.1236,
      0.1929,
      0.2773,
      1.0,
      0.7457
    ],
    [
      -0.3338,
      -0.6454,
      -0.5365,
      -0.5102,
      -0.4373,
      -0.51,
      -0.5588,
      0.8544,
      0.2687,
      0.0939,
      0.0341,
      0.0299,
      -0.6521,
      0.0461,
      -0.5528,
      -0.1746,
      0.3419,
      -0.0822,
      0.0589,
      0.324,
      0.3095,
      0.7457,
      1.0
    ]
  ],
  "euclidean_distance": [
    [
      0.0,
      4.1511,
      4.1342,
      3.5239,
      4.5744,
      3.3335,
      2.1355,
      4.5821,
      3.8027,
      3.9449,
      3.2337,
      3.6759,
      3.5735,
      3.5084,
      1.6126,
      2.8587,
      6.836,
      3.5222,
      2.029,
      3.2514,
      2.637,
      3.5779,
      5.5413
    ],
    [
      4.1511,
      0.0,
      2.7959,
      3.9053,
      3.9401,
      2.4494,
      3.7991,
      4.6257,
      3.7349,
      2.2452,
      2.5812,
      2.3087,
      2.0929,
      1.9712,
      2.8527,
      3.3328,
      6.6297,
      5.0467,
      3.9631,
      3.5247,
      4.3839,
      5.1052,
      6.2341
    ],
    [
      4.1342,
      2.7959,
      0.0,
      2.8994,
      3.3561,
      2.2286,
      3.8678,
      5.1365,
      3.9038,
      3.9273,
      3.5441,
      3.9433,
      3.1876,
      3.0616,
      3.3453,
      3.0134,
      6.8544,
      5.9338,
      4.4463,
      4.3494,
      4.6629,
      4.9645,
      6.4185
    ],
    [
      3.5239,
      3.9053,
      2.8994,
      0.0,
      1.9576,
      3.8296,
      3.0482,
      5.1065,
      4.2626,
      4.6098,
      4.1027,
      4.4878,
      4.0934,
      3.8364,
      2.9887,
      2.1903,
      7.0287,
      5.1476,
      3.5821,
      3.7063,
      4.0629,
      4.9351,
      6.3492
    ],
    [
      4.5744,
      3.9401,
      3.3561,
      1.9576,
      0.0,
      4.3688,
      4.3667,
      4.9354,
      3.8936,
      4.6527,
      4.2922,
      4.6016,
      4.9904,
      3.9317,
      3.9632,
      3.0447,
      7.1611,
      4.8846,
      4.7087,
      4.5552,
      5.1966,
      5.6819,
      6.6338
    ],
    [
      3.3335,
      2.4494,
      2.2286,
      3.8296,
      4.3688,
      0.0,
      2.9445,
      4.6226,
      3.7279,
      3.4339,
      3.2979,
      3.4647,
      2.6967,
      2.715,
      2.5014,
      2.7211,
      6.3738,
      5.3005,
      3.9569,
      3.9736,
      4.3596,
      4.0242,
      5.9632
    ],
    [
      2.1355,
      3.7991,
      3.8678,
      3.0482,
      4.3667,
      2.9445,
      0.0,
      5.2153,
      4.7573,
      4.429,
      4.1316,
      4.2731,
      3.1857,
      3.89,
      1.7187,
      2.2298,
      6.835,
      4.8734,
      2.693,
      3.285,
      3.4954,
      4.0342,
      6.2606
    ],
    [
      4.5821,
      4.6257,
      5.1365,
      5.1065,
      4.9354,
      4.6226,
      5.2153,
      0.0,
      2.3728,
      3.2173,
      3.2354,
      3.2801,
      5.431,
      2.9401,
      3.8941,
      3.5932,
      5.2734,
      4.4672,
      4.038,
      3.3433,
      3.9867,
      2.7438,
      2.3266
    ],
    [
      3.8027,
      3.7349,
      3.9038,
      4.2626,
      3.8936,
      3.7279,
      4.7573,
      2.3728,
      0.0,
      2.9245,
      2.3999,
      2.8059,
      4.6475,
      2.4019,
      3.3635,
      3.3349,
      5.8529,
      3.7511,
      3.996,
      3.6976,
      4.0391,
      3.6108,
      4.2781
    ],
    [
      3.9449,
      2.2452,
      3.9273,
      4.6098,
      4.6527,
      3.4339,
      4.429,
      3.2173,
      2.9245,
      0.0,
      1.1478,
      0.4795,
      2.9881,
      1.0061,
      2.8505,
      3.6579,
      6.1467,
      4.208,
      3.2145,
      2.7221,
      3.3341,
      4.1975,
      4.5528
    ],
    [
      3.2337,
      2.5812,
      3.5441,
      4.1027,
      4.2922,
      3.2979,
      4.1316,
      3.2354,
      2.3999,
      1.1478,
      0.0,
      0.9001,
      2.9617,
      1.095,
      2.458,
      3.3917,
      6.2462,
      3.756,
      2.7463,
      2.6554,
      2.7813,
      3.9363,
      4.5157
    ],
    [
      3.6759,
      2.3087,
      3.9433,
      4.4878,
      4.6016,
      3.4647,
      4.2731,
      3.2801,
      2.8059,
      0.4795,
      0.9001,
      0.0,
      2.864,
      1.1132,
      2.6472,
      3.5952,
      6.1948,
      4.0032,
      2.9648,
      2.5503,
      3.0758,
      4.1485,
      4.6226
    ],
    [
      3.5735,
      2.0929,
      3.1876,
      4.0934,
      4.9904,
      2.6967,
      3.1857,
      5.431,
      4.6475,
      2.9881,
      2.9617,
      2.864,
      0.0,
      2.8207,
      2.4776,
      3.6089,
      7.0301,
      5.6171,
      3.2577,
      3.2247,
      3.5571,
      4.98,
      6.4809
    ],
    [
      3.5084,
      1.9712,
      3.0616,
      3.8364,
      3.9317,
      2.715,
      3.89,
      2.9401,
      2.4019,
      1.0061,
      1.095,
      1.1132,
      2.8207,
      0.0,
      2.3555,
      2.8443,
      5.8789,
      4.2046,
      3.0136,
      2.5466,
      3.1784,
      3.7041,
      4.4055
    ],
    [
      1.6126,
      2.8527,
      3.3453,
      2.9887,
      3.9632,
      2.5014,
      1.7187,
      3.8941,
      3.3635,
      2.8505,
      2.458,
      2.6472,
      2.4776,
      2.3555,
      0.0,
      1.8638,
      6.1907,
      3.9321,
      1.6229,
      2.0852,
      2.3174,
      3.2313,
      5.0529
    ],
    [
      2.8587,
      3.3328,
      3.0134,
      2.1903,
      3.0447,
      2.7211,
      2.2298,
      3.5932,
      3.3349,
      3.6579,
      3.3917,
      3.5952,
      3.6089,
      2.8443,
      1.8638,
      0.0,
      5.8153,
      4.7235,
      2.8283,
      2.5816,
      3.3285,
      3.0763,
      4.8768
    ],
    [
      6.836,
      6.6297,
      6.8544,
      7.0287,
      7.1611,
      6.3738,
      6.835,
      5.2734,
      5.8529,
      6.1467,
      6.2462,
      6.1948,
      7.0301,
      5.8789,
      6.1907,
      5.8153,
      0.0,
      7.5375,
      6.4839,
      5.8609,
      6.4528,
      5.3752,
      5.7279
    ],
    [
      3.5222,
      5.0467,
      5.9338,
      5.1476,
      4.8846,
      5.3005,
      4.8734,
      4.4672,
      3.7511,
      4.208,
      3.756,
      4.0032,
      5.6171,
      4.2046,
      3.9321,
      4.7235,
      7.5375,
      0.0,
      4.0368,
      4.7453,
      4.5929,
      5.3068,
      5.958
    ],
    [
      2.029,
      3.9631,
      4.4463,
      3.5821,
      4.7087,
      3.9569,
      2.693,
      4.038,
      3.996,
      3.2145,
      2.7463,
      2.9648,
      3.2577,
      3.0136,
      1.6229,
      2.8283,
      6.4839,
      4.0368,
      0.0,
      1.6673,
      1.0401,
      3.3485,
      4.6059
    ],
    [
      3.2514,
      3.5247,
      4.3494,
      3.7063,
      4.5552,
      3.9736,
      3.285,
      3.3433,
      3.6976,
      2.7221,
      2.6554,
      2.5503,
      3.2247,
      2.5466,
      2.0852,
      2.5816,
      5.8609,
      4.7453,
      1.6673,
      0.0,
      1.7486,
      3.1455,
      4.047
    ],
    [
      2.637,
      4.3839,
      4.6629,
      4.0629,
      5.1966,
      4.3596,
      3.4954,
      3.9867,
      4.0391,
      3.3341,
      2.7813,
      3.0758,
      3.5571,
      3.1784,
      2.3174,
      3.3285,
      6.4528,
      4.5929,
      1.0401,
      1.7486,
      0.0,
      3.2193,
      4.1804
    ],
    [
      3.5779,
      5.1052,
      4.9645,
      4.9351,
      5.6819,
      4.0242,
      4.0342,
      2.7438,
      3.6108,
      4.1975,
      3.9363,
      4.1485,
      4.98,
      3.7041,
      3.2313,
      3.0763,
      5.3752,
      5.3068,
      3.3485,
      3.1455,
      3.2193,
      0.0,
      2.839
    ],
    [
      5.5413,
      6.2341,
      6.4185,
      6.3492,
      6.6338,
      5.9632,
      6.2606,
      2.3266,
      4.2781,
      4.5528,
      4.5157,
      4.6226,
      6.4809,
      4.4055,
      5.0529,
      4.8768,
      5.7279,
      5.958,
      4.6059,
      4.047,
      4.1804,
      2.839,
      0.0
    ]
  ],
  "linkage": [
    [
      9.0,
      11.0,
      0.47945,
      2.0
    ],
    [
      18.0,
      20.0,
      1.040127,
      2.0
    ],
    [
      10.0,
      13.0,
      1.094992,
      2.0
    ],
    [
      23.0,
      25.0,
      1.214548,
      4.0
    ],
    [
      0.0,
      14.0,
      1.612552,
      2.0
    ],
    [
      19.0,
      24.0,
      1.879118,
      3.0
    ],
    [
      3.0,
      4.0,
      1.957553,
      2.0
    ],
    [
      6.0,
      27.0,
      2.035367,
      3.0
    ],
    [
      1.0,
      12.0,
      2.09294,
      2.0
    ],
    [
      2.0,
      5.0,
      2.22858,
      2.0
    ],
    [
      7.0,
      22.0,
      2.326648,
      2.0
    ],
    [
      15.0,
      30.0,
      2.573559,
      4.0
    ],
    [
      21.0,
      33.0,
      2.930548,
      3.0
    ],
    [
      8.0,
      26.0,
      3.255911,
      5.0
    ],
    [
      31.0,
      32.0,
      3.30928,
      4.0
    ],
    [
      28.0,
      34.0,
      4.165309,
      7.0
    ],
    [
      17.0,
      36.0,
      4.927411,
      6.0
    ],
    [
      29.0,
      37.0,
      5.712417,
      6.0
    ],
    [
      16.0,
      35.0,
      6.422959,
      4.0
    ],
    [
      38.0,
      40.0,
      6.556396,
      13.0
    ],
    [
      39.0,
      42.0,
      6.903207,
      19.0
    ],
    [
      41.0,
      43.0,
      9.603554,
      23.0
    ]
  ],
  "cluster_ids": {
    "JENA31": 3,
    "JENA31DW1": 4,
    "BIALA19": 4,
    "BIALA20": 4,
    "BIALA21": 4,
    "FROSTILLICUS2": 4,
    "GRANCHIO4": 3,
    "HOBBES5": 1,
    "HOBBES6": 2,
    "MCKINLAY20": 2,
    "MCKINLAY21": 2,
    "MCKINLAY22": 2,
    "MCKINLAY23": 4,
    "MCKINLAY24": 2,
    "STIMPEE6": 3,
    "STIMPEE7": 3,
    "TERINGIE6": 1,
    "MCKINLAY10": 2,
    "MCKINLAY11": 3,
    "MCKINLAY12": 3,
    "MCKINLAY13": 3,
    "MCKINLAY14": 1,
    "MCKINLAY15": 1
  }
}