{
  "aliases": [
    "JENA31",
    "JENA31DW1",
    "BIALA19",
    "BIALA20",
    "BIALA21",
    "FROSTILLICUS2",
    "GRANCHIO4",
    "HOBBES5",
    "HOBBES6",
    "MCKINLAY20",
    "MCKINLAY21",
    "MCKINLAY22",
    "MCKINLAY23",
    "MCKINLAY24",
    "STIMPEE6",
    "STIMPEE7",
    "TERINGIE6"
  ],
  "features": [
    "mean_pct_ss",
    "mean_grain_ordinal",
    "mean_avg_GR",
    "mean_res_sep",
    "mean_RES_DEEP",
    "pay_pct",
    "mean_WRCI",
    "pct_high_risk"
  ],
  "feature_means": [
    91.1920777317628,
    1.8727852970239462,
    86.6664680229893,
    5.614746843481917,
    32.212487531681106,
    65.43027143505837,
    28.06663321573454,
    0.0
  ],
  "feature_stds": [
    4.8759484276479625,
    1.4709431148707286,
    5.695795887731854,
    4.4369610165062765,
    8.120772181891079,
    15.527270948628502,
    3.0333163047508482,
    1.0
  ],
  "cosine_similarity": [
    [
      1.0,
      -0.5576,
      -0.3546,
      0.1557,
      -0.1078,
      -0.0154,
      0.5902,
      -0.0878,
      -0.1711,
      -0.486,
      -0.3196,
      -0.6473,
      -0.1355,
      -0.5624,
      0.7785,
      0.4807,
      -0.5836
    ],
    [
      -0.5576,
      1.0,
      0.5597,
      -0.1632,
      0.2468,
      0.4844,
      -0.2525,
      -0.471,
      -0.1321,
      0.3067,
      -0.0245,
      0.2853,
      0.4832,
      0.3089,
      -0.5446,
      -0.3982,
      -0.1977
    ],
    [
      -0.3546,
      0.5597,
      1.0,
      0.0197,
      -0.321,
      0.9093,
      0.086,
      -0.7819,
      -0.4921,
      -0.1743,
      -0.0448,
      0.0544,
      0.6807,
      -0.0962,
      -0.1691,
      -0.2814,
      0.1098
    ],
    [
      0.1557,
      -0.1632,
      0.0197,
      1.0,
      0.4563,
      0.036,
      0.7988,
      -0.3718,
      -0.5921,
      -0.8503,
      -0.8513,
      -0.7799,
      0.0788,
      -0.8057,
      0.5735,
      0.7857,
      0.0095
    ],
    [
      -0.1078,
      0.2468,
      -0.321,
      0.4563,
      1.0,
      -0.2504,
      0.0797,
      0.0302,
      0.1443,
      -0.1804,
      -0.3523,
      -0.169,
      -0.4703,
      -0.2297,
      -0.151,
      0.2098,
      -0.1385
    ],
    [
      -0.0154,
      0.4844,
      0.9093,
      0.036,
      -0.2504,
      1.0,
      0.2769,
      -0.8655,
      -0.5126,
      -0.3041,
      -0.1462,
      -0.1573,
      0.6105,
      -0.2523,
      0.0506,
      -0.1921,
      -0.2409
    ],
    [
      0.5902,
      -0.2525,
      0.086,
      0.7988,
      0.0797,
      0.2769,
      1.0,
      -0.5398,
      -0.7354,
      -0.888,
      -0.8612,
      -0.9654,
      0.3275,
      -0.8594,
      0.8994,
      0.8054,
      -0.4168
    ],
    [
      -0.0878,
      -0.471,
      -0.7819,
      -0.3718,
      0.0302,
      -0.8655,
      -0.5398,
      1.0,
      0.5958,
      0.5829,
      0.4296,
      0.3976,
      -0.6832,
      0.5643,
      -0.2871,
      -0.0582,
      0.3459
    ],
    [
      -0.1711,
      -0.1321,
      -0.4921,
      -0.5921,
      0.1443,
      -0.5126,
      -0.7354,
      0.5958,
      1.0,
      0.5871,
      0.811,
      0.7364,
      -0.616,
      0.5053,
      -0.4954,
      -0.6676,
      0.1095
    ],
    [
      -0.486,
      0.3067,
      -0.1743,
      -0.8503,
      -0.1804,
      -0.3041,
      -0.888,
      0.5829,
      0.5871,
      1.0,
      0.7159,
      0.8266,
      -0.1326,
      0.985,
      -0.7507,
      -0.6637,
      0.1394
    ],
    [
      -0.3196,
      -0.0245,
      -0.0448,
      -0.8513,
      -0.3523,
      -0.1462,
      -0.8612,
      0.4296,
      0.811,
      0.7159,
      1.0,
      0.909,
      -0.2894,
      0.6844,
      -0.6262,
      -0.8859,
      0.2976
    ],
    [
      -0.6473,
      0.2853,
      0.0544,
      -0.7799,
      -0.169,
      -0.1573,
      -0.9654,
      0.3976,
      0.7364,
      0.8266,
      0.909,
      1.0,
      -0.186,
      0.8106,
      -0.8618,
      -0.8994,
      0.415
    ],
    [
      -0.1355,
      0.4832,
      0.6807,
      0.0788,
      -0.4703,
      0.6105,
      0.3275,
      -0.6832,
      -0.616,
      -0.1326,
      -0.2894,
      -0.186,
      1.0,
      -0.0725,
      0.2155,
      0.0243,
      -0.2456
    ],
    [
      -0.5624,
      0.3089,
      -0.0962,
      -0.8057,
      -0.2297,
      -0.2523,
      -0.8594,
      0.5643,
      0.5053,
      0.985,
      0.6844,
      0.8106,
      -0.0725,
      1.0,
      -0.7473,
      -0.6382,
      0.2047
    ],
    [
      0.7785,
      -0.5446,
      -0.1691,
      0.5735,
      -0.151,
      0.0506,
      0.8994,
      -0.2871,
      -0.4954,
      -0.7507,
      -0.6262,
      -0.8618,
      0.2155,
      -0.7473,
      1.0,
      0.7284,
      -0.4538
    ],
    [
      0.4807,
      -0.3982,
      -0.2814,
      0.7857,
      0.2098,
      -0.1921,
      0.8054,
      -0.0582,
      -0.6676,
      -0.6637,
      -0.8859,
      -0.8994,
      0.0243,
      -0.6382,
      0.7284,
      1.0,
      -0.1262
    ],
    [
      -0.5836,
      -0.1977,
      0.1098,
      0.0095,
      -0.1385,
      -0.2409,
      -0.4168,
      0.3459,
      0.1095,
      0.1394,
      0.2976,
      0.415,
      -0.2456,
      0.2047,
      -0.4538,
      -0.1262,
      1.0
    ]
  ],
  "euclidean_distance": [
    [
      0.0,
      6.4909,
      6.0746,
      5.0167,
      5.8074,
      5.3719,
      3.956,
      6.1826,
      6.1692,
      6.0773,
      5.8115,
      6.3423,
      5.8745,
      5.8298,
      3.887,
      4.2958,
      7.361
    ],
    [
      6.4909,
      0.0,
      2.1583,
      3.3922,
      3.0665,
      2.2805,
      4.3407,
      4.9262,
      4.0486,
      2.538,
      3.0733,
      2.5869,
      2.552,
      2.3366,
      3.3334,
      3.7349,
      4.4393
    ],
    [
      6.0746,
      2.1583,
      0.0,
      3.0619,
      3.995,
      0.9453,
      3.69,
      5.3335,
      4.5722,
      3.2276,
      3.0462,
      2.9136,
      1.9979,
      2.8,
      2.8705,
      3.5161,
      3.8243
    ],
    [
      5.0167,
      3.3922,
      3.0619,
      0.0,
      2.5208,
      2.9528,
      1.9131,
      4.5963,
      4.5877,
      3.8954,
      3.8964,
      3.8413,
      3.2582,
      3.3841,
      1.7407,
      1.3874,
      3.9344
    ],
    [
      5.8074,
      3.0665,
      3.995,
      2.5208,
      0.0,
      3.8,
      3.9238,
      4.225,
      3.7118,
      3.5526,
      3.7929,
      3.551,
      4.5455,
      3.2939,
      3.1891,
      3.0283,
      4.5405
    ],
    [
      5.3719,
      2.2805,
      0.9453,
      2.9528,
      3.8,
      0.0,
      3.2572,
      5.34,
      4.5058,
      3.3014,
      3.0958,
      3.1269,
      2.1675,
      2.8734,
      2.5142,
      3.2996,
      4.3839
    ],
    [
      3.956,
      4.3407,
      3.69,
      1.9131,
      3.9238,
      3.2572,
      0.0,
      5.6968,
      5.7097,
      4.9217,
      4.8886,
      5.0377,
      3.368,
      4.4217,
      1.9373,
      1.886,
      5.4369
    ],
    [
      6.1826,
      4.9262,
      5.3335,
      4.5963,
      4.225,
      5.34,
      5.6968,
      0.0,
      2.8897,
      2.7423,
      3.0868,
      3.1584,
      5.5397,
      2.8235,
      4.0229,
      4.0939,
      3.8413
    ],
    [
      6.1692,
      4.0486,
      4.5722,
      4.5877,
      3.7118,
      4.5058,
      5.7097,
      2.8897,
      0.0,
      2.4452,
      1.8329,
      2.0545,
      5.0981,
      2.6012,
      3.9199,
      4.7096,
      4.2474
    ],
    [
      6.0773,
      2.538,
      3.2276,
      3.8954,
      3.5526,
      3.3014,
      4.9217,
      2.7423,
      2.4452,
      0.0,
      1.4633,
      1.1498,
      3.4912,
      0.5736,
      3.1551,
      3.7135,
      3.6231
    ],
    [
      5.8115,
      3.0733,
      3.0462,
      3.8964,
      3.7929,
      3.0958,
      4.8886,
      3.0868,
      1.8329,
      1.4633,
      0.0,
      0.833,
      3.7155,
      1.4202,
      3.0439,
      3.9531,
      3.3279
    ],
    [
      6.3423,
      2.5869,
      2.9136,
      3.8413,
      3.551,
      3.1269,
      5.0377,
      3.1584,
      2.0545,
      1.1498,
      0.833,
      0.0,
      3.5842,
      1.1588,
      3.2725,
      3.9886,
      3.0946
    ],
    [
      5.8745,
      2.552,
      1.9979,
      3.2582,
      4.5455,
      2.1675,
      3.368,
      5.5397,
      5.0981,
      3.4912,
      3.7155,
      3.5842,
      0.0,
      3.1148,
      2.7301,
      3.3634,
      4.7518
    ],
    [
      5.8298,
      2.3366,
      2.8,
      3.3841,
      3.2939,
      2.8734,
      4.4217,
      2.8235,
      2.6012,
      0.5736,
      1.4202,
      1.1588,
      3.1148,
      0.0,
      2.6844,
      3.2494,
      3.3587
    ],
    [
      3.887,
      3.3334,
      2.8705,
      1.7407,
      3.1891,
      2.5142,
      1.9373,
      4.0229,
      3.9199,
      3.1551,
      3.0439,
      3.2725,
      2.7301,
      2.6844,
      0.0,
      1.4643,
      4.186
    ],
    [
      4.2958,
      3.7349,
      3.5161,
      1.3874,
      3.0283,
      3.2996,
      1.886,
      4.0939,
      4.7096,
      3.7135,
      3.9531,
      3.9886,
      3.3634,
      3.2494,
      1.4643,
      0.0,
      4.1832
    ],
    [
      7.361,
      4.4393,
      3.8243,
      3.9344,
      4.5405,
      4.3839,
      5.4369,
      3.8413,
      4.2474,
      3.6231,
      3.3279,
      3.0946,
      4.7518,
      3.3587,
      4.186,
      4.1832,
      0.0
    ]
  ],
  "linkage": [
    [
      9.0,
      13.0,
      0.573599,
      2.0
    ],
    [
      10.0,
      11.0,
      0.832957,
      2.0
    ],
    [
      2.0,
      5.0,
      0.945255,
      2.0
    ],
    [
      3.0,
      15.0,
      1.387365,
      2.0
    ],
    [
      14.0,
      20.0,
      1.675719,
      3.0
    ],
    [
      17.0,
      18.0,
      1.702998,
      4.0
    ],
    [
      6.0,
      21.0,
      2.074076,
      4.0
    ],
    [
      12.0,
      19.0,
      2.344219,
      3.0
    ],
    [
      1.0,
      24.0,
      2.56685,
      4.0
    ],
    [
      8.0,
      22.0,
      2.71025,
      5.0
    ],
    [
      7.0,
      26.0,
      3.545514,
      6.0
    ],
    [
      4.0,
      23.0,
      3.824883,
      5.0
    ],
    [
      16.0,
      27.0,
      4.340364,
      7.0
    ],
    [
      0.0,
      28.0,
      5.664919,
      6.0
    ],
    [
      25.0,
      30.0,
      6.762961,
      10.0
    ],
    [
      29.0,
      31.0,
      8.99173,
      17.0
    ]
  ],
  "cluster_ids": {
    "JENA31": 4,
    "JENA31DW1": 2,
    "BIALA19": 2,
    "BIALA20": 3,
    "BIALA21": 3,
    "FROSTILLICUS2": 2,
    "GRANCHIO4": 3,
    "HOBBES5": 1,
    "HOBBES6": 1,
    "MCKINLAY20": 1,
    "MCKINLAY21": 1,
    "MCKINLAY22": 1,
    "MCKINLAY23": 2,
    "MCKINLAY24": 1,
    "STIMPEE6": 3,
    "STIMPEE7": 3,
    "TERINGIE6": 1
  }
}