{
  "aliases": [
    "JENA31",
    "JENA31DW1",
    "BIALA19",
    "BIALA20",
    "BIALA21",
    "FROSTILLICUS2",
    "GRANCHIO4",
    "HOBBES5",
    "HOBBES6",
    "MCKINLAY20",
    "MCKINLAY21",
    "MCKINLAY22",
    "MCKINLAY23",
    "MCKINLAY24",
    "STIMPEE6",
    "STIMPEE7",
    "TERINGIE6",
    "MCKINLAY10",
    "MCKINLAY11",
    "MCKINLAY12",
    "MCKINLAY13",
    "MCKINLAY14",
    "MCKINLAY15",
    "JENA31_DUAL"
  ],
  "features": [
    "mean_pct_ss",
    "mean_grain_ordinal",
    "mean_avg_GR",
    "mean_RES_DEEP",
    "pay_pct",
    "mean_WRCI",
    "pct_high_risk",
    "pct_zoi"
  ],
  "feature_means": [
    91.87252457542381,
    2.5296146762999467,
    89.06882899219228,
    32.47478808531866,
    62.508333333333354,
    27.434987935343887,
    3.6705866064109247,
    2.4752667624480216
  ],
  "feature_stds": [
    7.243206578309529,
    1.4982243107076272,
    6.8322679901796635,
    7.561750482647799,
    16.974394850938154,
    5.295091857184447,
    7.795634500746782,
    2.8502074905702046
  ],
  "cosine_similarity": [
    [
      1.0,
      -0.1266,
      0.3668,
      0.4226,
      0.0353,
      0.6213,
      0.6618,
      -0.563,
      -0.0727,
      -0.5538,
      -0.2036,
      -0.4572,
      0.2045,
      -0.6922,
      0.6987,
      0.2789,
      -0.4624,
      0.1764,
      0.0896,
      -0.5338,
      0.0021,
      -0.1567,
      -0.5094,
      0.7197
    ],
    [
      -0.1266,
      1.0,
      0.1531,
      0.4199,
      0.174,
      0.525,
      0.2269,
      -0.3657,
      -0.152,
      0.4389,
      0.0773,
      0.4342,
      0.6948,
      0.3206,
      0.5124,
      0.2057,
      -0.3956,
      -0.1154,
      -0.309,
      -0.1338,
      -0.4491,
      -0.8207,
      -0.6811,
      0.597
    ],
    [
      0.3668,
      0.1531,
      1.0,
      0.795,
      0.6217,
      0.5518,
      0.5538,
      -0.3708,
      0.0903,
      -0.5491,
      -0.5161,
      -0.5911,
      0.1808,
      -0.4107,
      0.4128,
      0.8295,
      -0.0315,
      -0.5602,
      -0.5281,
      -0.4892,
      -0.4948,
      -0.4131,
      -0.5769,
      0.3981
    ],
    [
      0.4226,
      0.4199,
      0.795,
      1.0,
      0.6112,
      0.7145,
      0.7974,
      -0.5961,
      -0.2944,
      -0.5038,
      -0.6563,
      -0.5488,
      0.3335,
      -0.4617,
      0.6935,
      0.9404,
      -0.3705,
      -0.3294,
      -0.3152,
      -0.4211,
      -0.4729,
      -0.5839,
      -0.7204,
      0.6409
    ],
    [
      0.0353,
      0.174,
      0.6217,
      0.6112,
      1.0,
      0.1157,
      0.1973,
      0.0789,
      0.156,
      -0.3882,
      -0.416,
      -0.4807,
      -0.2691,
      0.0828,
      0.0402,
      0.6,
      0.2128,
      -0.1232,
      -0.6708,
      -0.5708,
      -0.7389,
      -0.579,
      -0.4241,
      0.1559
    ],
    [
      0.6213,
      0.525,
      0.5518,
      0.7145,
      0.1157,
      1.0,
      0.8418,
      -0.6821,
      -0.313,
      -0.2958,
      -0.4477,
      -0.288,
      0.7107,
      -0.4705,
      0.8732,
      0.537,
      -0.3953,
      -0.258,
      -0.1738,
      -0.4309,
      -0.3503,
      -0.5346,
      -0.8639,
      0.8667
    ],
    [
      0.6618,
      0.2269,
      0.5538,
      0.7974,
      0.1973,
      0.8418,
      1.0,
      -0.8079,
      -0.5795,
      -0.6782,
      -0.7392,
      -0.633,
      0.5134,
      -0.7668,
      0.7653,
      0.6855,
      -0.42,
      -0.1784,
      0.1468,
      -0.1941,
      -0.0837,
      -0.2498,
      -0.7025,
      0.6925
    ],
    [
      -0.563,
      -0.3657,
      -0.3708,
      -0.5961,
      0.0789,
      -0.6821,
      -0.8079,
      1.0,
      0.48,
      0.3826,
      0.3098,
      0.2162,
      -0.6714,
      0.6943,
      -0.7315,
      -0.4412,
      0.7683,
      -0.0001,
      -0.398,
      -0.1037,
      -0.2218,
      0.2217,
      0.6338,
      -0.7035
    ],
    [
      -0.0727,
      -0.152,
      0.0903,
      -0.2944,
      0.156,
      -0.313,
      -0.5795,
      0.48,
      1.0,
      0.3533,
      0.5833,
      0.318,
      -0.5065,
      0.3137,
      -0.3873,
      -0.2266,
      0.1743,
      0.2356,
      -0.5723,
      -0.4556,
      -0.402,
      -0.1123,
      0.143,
      -0.1647
    ],
    [
      -0.5538,
      0.4389,
      -0.5491,
      -0.5038,
      -0.3882,
      -0.2958,
      -0.6782,
      0.3826,
      0.3533,
      1.0,
      0.7772,
      0.9616,
      0.1053,
      0.7585,
      -0.2029,
      -0.549,
      -0.0746,
      0.1563,
      -0.1463,
      0.152,
      -0.0572,
      -0.1907,
      0.2374,
      -0.1366
    ],
    [
      -0.2036,
      0.0773,
      -0.5161,
      -0.6563,
      -0.416,
      -0.4477,
      -0.7392,
      0.3098,
      0.5833,
      0.7772,
      1.0,
      0.8567,
      -0.0827,
      0.5576,
      -0.2472,
      -0.7201,
      -0.1775,
      0.3906,
      -0.0045,
      0.0497,
      0.1774,
      -0.0261,
      0.3076,
      -0.1126
    ],
    [
      -0.4572,
      0.4342,
      -0.5911,
      -0.5488,
      -0.4807,
      -0.288,
      -0.633,
      0.2162,
      0.318,
      0.9616,
      0.8567,
      1.0,
      0.1911,
      0.6625,
      -0.1636,
      -0.6373,
      -0.2198,
      0.272,
      0.0248,
      0.2459,
      0.1033,
      -0.1523,
      0.1906,
      -0.0663
    ],
    [
      0.2045,
      0.6948,
      0.1808,
      0.3335,
      -0.2691,
      0.7107,
      0.5134,
      -0.6714,
      -0.5065,
      0.1053,
      -0.0827,
      0.1911,
      1.0,
      -0.1182,
      0.7065,
      0.1322,
      -0.4319,
      -0.365,
      0.1501,
      0.1246,
      0.0814,
      -0.3982,
      -0.6176,
      0.6395
    ],
    [
      -0.6922,
      0.3206,
      -0.4107,
      -0.4617,
      0.0828,
      -0.4705,
      -0.7668,
      0.6943,
      0.3137,
      0.7585,
      0.5576,
      0.6625,
      -0.1182,
      1.0,
      -0.4177,
      -0.4913,
      0.4066,
      -0.0181,
      -0.4224,
      -0.0129,
      -0.2935,
      -0.2905,
      0.2454,
      -0.3325
    ],
    [
      0.6987,
      0.5124,
      0.4128,
      0.6935,
      0.0402,
      0.8732,
      0.7653,
      -0.7315,
      -0.3873,
      -0.2029,
      -0.2472,
      -0.1636,
      0.7065,
      -0.4177,
      1.0,
      0.4898,
      -0.6543,
      -0.1652,
      -0.0206,
      -0.3899,
      -0.1476,
      -0.5543,
      -0.7427,
      0.9258
    ],
    [
      0.2789,
      0.2057,
      0.8295,
      0.9404,
      0.6,
      0.537,
      0.6855,
      -0.4412,
      -0.2266,
      -0.549,
      -0.7201,
      -0.6373,
      0.1322,
      -0.4913,
      0.4898,
      1.0,
      -0.2135,
      -0.4546,
      -0.3213,
      -0.3195,
      -0.4145,
      -0.3637,
      -0.4758,
      0.3761
    ],
    [
      -0.4624,
      -0.3956,
      -0.0315,
      -0.3705,
      0.2128,
      -0.3953,
      -0.42,
      0.7683,
      0.1743,
      -0.0746,
      -0.1775,
      -0.2198,
      -0.4319,
      0.4066,
      -0.6543,
      -0.2135,
      1.0,
      -0.3442,
      -0.3637,
      -0.0336,
      -0.2284,
      0.2826,
      0.38,
      -0.6552
    ],
    [
      0.1764,
      -0.1154,
      -0.5602,
      -0.3294,
      -0.1232,
      -0.258,
      -0.1784,
      -0.0001,
      0.2356,
      0.1563,
      0.3906,
      0.272,
      -0.365,
      -0.0181,
      -0.1652,
      -0.4546,
      -0.3442,
      1.0,
      0.3087,
      -0.0331,
      0.1185,
      0.0526,
      0.0693,
      0.07
    ],
    [
      0.0896,
      -0.309,
      -0.5281,
      -0.3152,
      -0.6708,
      -0.1738,
      0.1468,
      -0.398,
      -0.5723,
      -0.1463,
      -0.0045,
      0.0248,
      0.1501,
      -0.4224,
      -0.0206,
      -0.3213,
      -0.3637,
      0.3087,
      1.0,
      0.7562,
      0.9194,
      0.6457,
      0.3416,
      -0.1481
    ],
    [
      -0.5338,
      -0.1338,
      -0.4892,
      -0.4211,
      -0.5708,
      -0.4309,
      -0.1941,
      -0.1037,
      -0.4556,
      0.152,
      0.0497,
      0.2459,
      0.1246,
      -0.0129,
      -0.3899,
      -0.3195,
      -0.0336,
      -0.0331,
      0.7562,
      1.0,
      0.774,
      0.6243,
      0.5217,
      -0.5333
    ],
    [
      0.0021,
      -0.4491,
      -0.4948,
      -0.4729,
      -0.7389,
      -0.3503,
      -0.0837,
      -0.2218,
      -0.402,
      -0.0572,
      0.1774,
      0.1033,
      0.0814,
      -0.2935,
      -0.1476,
      -0.4145,
      -0.2284,
      0.1185,
      0.9194,
      0.774,
      1.0,
      0.7519,
      0.5404,
      -0.3201
    ],
    [
      -0.1567,
      -0.8207,
      -0.4131,
      -0.5839,
      -0.579,
      -0.5346,
      -0.2498,
      0.2217,
      -0.1123,
      -0.1907,
      -0.0261,
      -0.1523,
      -0.3982,
      -0.2905,
      -0.5543,
      -0.3637,
      0.2826,
      0.0526,
      0.6457,
      0.6243,
      0.7519,
      1.0,
      0.7904,
      -0.7048
    ],
    [
      -0.5094,
      -0.6811,
      -0.5769,
      -0.7204,
      -0.4241,
      -0.8639,
      -0.7025,
      0.6338,
      0.143,
      0.2374,
      0.3076,
      0.1906,
      -0.6176,
      0.2454,
      -0.7427,
      -0.4758,
      0.38,
      0.0693,
      0.3416,
      0.5217,
      0.5404,
      0.7904,
      1.0,
      -0.8832
    ],
    [
      0.7197,
      0.597,
      0.3981,
      0.6409,
      0.1559,
      0.8667,
      0.6925,
      -0.7035,
      -0.1647,
      -0.1366,
      -0.1126,
      -0.0663,
      0.6395,
      -0.3325,
      0.9258,
      0.3761,
      -0.6552,
      0.07,
      -0.1481,
      -0.5333,
      -0.3201,
      -0.7048,
      -0.8832,
      1.0
    ]
  ],
  "euclidean_distance": [
    [
      0.0,
      3.6825,
      2.8016,
      2.589,
      4.7499,
      1.9181,
      2.172,
      5.0262,
      3.6623,
      3.7445,
      3.0105,
      3.6248,
      3.2129,
      3.2912,
      1.7275,
      2.6316,
      7.0472,
      4.4213,
      3.2453,
      4.1859,
      3.6139,
      4.0745,
      6.0861,
      1.6815
    ],
    [
      3.6825,
      0.0,
      3.2885,
      2.6382,
      4.4762,
      2.1817,
      3.2982,
      4.768,
      3.8534,
      2.3551,
      2.7512,
      2.3624,
      2.0234,
      2.3826,
      2.1708,
      2.8155,
      6.9708,
      5.0854,
      3.9552,
      3.659,
      4.4166,
      5.1714,
      6.452,
      2.0025
    ],
    [
      2.8016,
      3.2885,
      0.0,
      1.5965,
      3.272,
      2.1736,
      2.5402,
      4.8299,
      3.47,
      3.8736,
      3.4749,
      3.9193,
      3.3492,
      3.1896,
      2.4041,
      1.4448,
      6.229,
      5.978,
      4.3336,
      4.2524,
      4.544,
      4.6162,
      6.3242,
      2.4193
    ],
    [
      2.589,
      2.6382,
      1.5965,
      0.0,
      3.3093,
      1.6854,
      1.6978,
      5.0698,
      4.015,
      3.6771,
      3.4649,
      3.7257,
      2.938,
      3.0872,
      1.7328,
      0.8866,
      6.8627,
      5.4428,
      3.8932,
      4.0216,
      4.3787,
      4.7499,
      6.443,
      1.8468
    ],
    [
      4.7499,
      4.4762,
      3.272,
      3.3093,
      0.0,
      4.3585,
      4.5462,
      5.0886,
      4.5561,
      5.1654,
      4.9101,
      5.2961,
      5.5303,
      4.2343,
      4.4257,
      3.3929,
      6.2317,
      6.2437,
      6.0513,
      5.8592,
      6.43,
      6.3374,
      7.3164,
      4.2334
    ],
    [
      1.9181,
      2.1817,
      2.1736,
      1.6854,
      4.3585,
      0.0,
      1.6035,
      4.6875,
      3.5956,
      2.931,
      2.7261,
      2.9177,
      1.8805,
      2.5464,
      0.8878,
      1.8007,
      6.5342,
      4.9462,
      3.2502,
      3.5516,
      3.7421,
      4.1904,
      6.131,
      0.9074
    ],
    [
      2.172,
      3.2982,
      2.5402,
      1.6978,
      4.5462,
      1.6035,
      0.0,
      5.7567,
      4.7849,
      4.2514,
      3.9248,
      4.1921,
      2.7001,
      3.7289,
      1.8701,
      2.0377,
      7.2343,
      5.4075,
      3.4068,
      4.0002,
      4.0443,
      4.5261,
      6.7574,
      2.0474
    ],
    [
      5.0262,
      4.768,
      4.8299,
      5.0698,
      5.0886,
      4.6875,
      5.7567,
      0.0,
      3.0326,
      3.0617,
      3.1158,
      3.3669,
      5.4216,
      2.604,
      4.5923,
      4.4482,
      3.7329,
      5.2778,
      4.7476,
      4.2173,
      4.6631,
      3.864,
      3.4977,
      4.524
    ],
    [
      3.6623,
      3.8534,
      3.47,
      4.015,
      4.5561,
      3.5956,
      4.7849,
      3.0326,
      0.0,
      2.5832,
      2.1035,
      2.6446,
      4.561,
      2.4736,
      3.5569,
      3.5511,
      5.7425,
      4.345,
      4.417,
      4.2248,
      4.4205,
      4.1158,
      4.8507,
      3.255
    ],
    [
      3.7445,
      2.3551,
      3.8736,
      3.6771,
      5.1654,
      2.931,
      4.2514,
      3.0617,
      2.5832,
      0.0,
      1.1478,
      0.5041,
      3.0709,
      1.2161,
      2.688,
      3.2934,
      6.0154,
      4.268,
      3.216,
      2.7585,
      3.3386,
      3.7308,
      4.4278,
      2.5834
    ],
    [
      3.0105,
      2.7512,
      3.4749,
      3.4649,
      4.9101,
      2.7261,
      3.9248,
      3.1158,
      2.1035,
      1.1478,
      0.0,
      0.9551,
      3.1027,
      1.1944,
      2.3856,
      3.0607,
      5.9964,
      3.8326,
      2.7675,
      2.6763,
      2.7992,
      3.2648,
      4.2733,
      2.2219
    ],
    [
      3.6248,
      2.3624,
      3.9193,
      3.7257,
      5.2961,
      2.9177,
      4.1921,
      3.3669,
      2.6446,
      0.5041,
      0.9551,
      0.0,
      2.9292,
      1.3638,
      2.6396,
      3.381,
      6.2542,
      4.0565,
      2.9713,
      2.605,
      3.0908,
      3.672,
      4.5124,
      2.4986
    ],
    [
      3.2129,
      2.0234,
      3.3492,
      2.938,
      5.5303,
      1.8805,
      2.7001,
      5.4216,
      4.561,
      3.0709,
      3.1027,
      2.9292,
      0.0,
      3.0164,
      1.906,
      3.0759,
      7.1686,
      5.7003,
      3.3097,
      3.3401,
      3.6363,
      4.6817,
      6.4898,
      2.0562
    ],
    [
      3.2912,
      2.3826,
      3.1896,
      3.0872,
      4.2343,
      2.5464,
      3.7289,
      2.604,
      2.4736,
      1.2161,
      1.1944,
      1.3638,
      3.0164,
      0.0,
      2.3419,
      2.6563,
      5.2432,
      4.3228,
      3.0447,
      2.6314,
      3.2084,
      3.4244,
      4.3538,
      2.2373
    ],
    [
      1.7275,
      2.1708,
      2.4041,
      1.7328,
      4.4257,
      0.8878,
      1.8701,
      4.5923,
      3.5569,
      2.688,
      2.3856,
      2.6396,
      1.906,
      2.3419,
      0.0,
      1.8138,
      6.7857,
      4.7118,
      2.9314,
      3.3636,
      3.3551,
      4.0708,
      5.8138,
      0.625
    ],
    [
      2.6316,
      2.8155,
      1.4448,
      0.8866,
      3.3929,
      1.8007,
      2.0377,
      4.4482,
      3.5511,
      3.2934,
      3.0607,
      3.381,
      3.0759,
      2.6563,
      1.8138,
      0.0,
      6.2937,
      5.3096,
      3.5186,
      3.4905,
      3.9029,
      4.0411,
      5.6618,
      1.9826
    ],
    [
      7.0472,
      6.9708,
      6.229,
      6.8627,
      6.2317,
      6.5342,
      7.2343,
      3.7329,
      5.7425,
      6.0154,
      5.9964,
      6.2542,
      7.1686,
      5.2432,
      6.7857,
      6.2937,
      0.0,
      8.0382,
      6.8439,
      6.1504,
      6.7448,
      5.5357,
      5.6922,
      6.7545
    ],
    [
      4.4213,
      5.0854,
      5.978,
      5.4428,
      6.2437,
      4.9462,
      5.4075,
      5.2778,
      4.345,
      4.268,
      3.8326,
      4.0565,
      5.7003,
      4.3228,
      4.7118,
      5.3096,
      8.0382,
      0.0,
      4.1055,
      4.8487,
      4.6764,
      4.9541,
      5.9027,
      4.3457
    ],
    [
      3.2453,
      3.9552,
      4.3336,
      3.8932,
      6.0513,
      3.2502,
      3.4068,
      4.7476,
      4.417,
      3.216,
      2.7675,
      2.9713,
      3.3097,
      3.0447,
      2.9314,
      3.5186,
      6.8439,
      4.1055,
      0.0,
      1.6629,
      1.0629,
      2.2911,
      4.308,
      3.0711
    ],
    [
      4.1859,
      3.659,
      4.2524,
      4.0216,
      5.8592,
      3.5516,
      4.0002,
      4.2173,
      4.2248,
      2.7585,
      2.6763,
      2.605,
      3.3401,
      2.6314,
      3.3636,
      3.4905,
      6.1504,
      4.8487,
      1.6629,
      0.0,
      1.729,
      2.3487,
      3.8316,
      3.4911
    ],
    [
      3.6139,
      4.4166,
      4.544,
      4.3787,
      6.43,
      3.7421,
      4.0443,
      4.6631,
      4.4205,
      3.3386,
      2.7992,
      3.0908,
      3.6363,
      3.2084,
      3.3551,
      3.9029,
      6.7448,
      4.6764,
      1.0629,
      1.729,
      0.0,
      1.9913,
      3.7882,
      3.5462
    ],
    [
      4.0745,
      5.1714,
      4.6162,
      4.7499,
      6.3374,
      4.1904,
      4.5261,
      3.864,
      4.1158,
      3.7308,
      3.2648,
      3.672,
      4.6817,
      3.4244,
      4.0708,
      4.0411,
      5.5357,
      4.9541,
      2.2911,
      2.3487,
      1.9913,
      0.0,
      2.821,
      4.2084
    ],
    [
      6.0861,
      6.452,
      6.3242,
      6.443,
      7.3164,
      6.131,
      6.7574,
      3.4977,
      4.8507,
      4.4278,
      4.2733,
      4.5124,
      6.4898,
      4.3538,
      5.8138,
      5.6618,
      5.6922,
      5.9027,
      4.308,
      3.8316,
      3.7882,
      2.821,
      0.0,
      5.9503
    ],
    [
      1.6815,
      2.0025,
      2.4193,
      1.8468,
      4.2334,
      0.9074,
      2.0474,
      4.524,
      3.255,
      2.5834,
      2.2219,
      2.4986,
      2.0562,
      2.2373,
      0.625,
      1.9826,
      6.7545,
      4.3457,
      3.0711,
      3.4911,
      3.5462,
      4.2084,
      5.9503,
      0.0
    ]
  ],
  "linkage": [
    [
      9.0,
      11.0,
      0.504127,
      2.0
    ],
    [
      14.0,
      23.0,
      0.624979,
      2.0
    ],
    [
      3.0,
      15.0,
      0.886589,
      2.0
    ],
    [
      5.0,
      25.0,
      0.971728,
      3.0
    ],
    [
      18.0,
      20.0,
      1.062894,
      2.0
    ],
    [
      10.0,
      24.0,
      1.183933,
      3.0
    ],
    [
      13.0,
      29.0,
      1.403123,
      4.0
    ],
    [
      2.0,
      26.0,
      1.681965,
      3.0
    ],
    [
      19.0,
      28.0,
      1.860115,
      3.0
    ],
    [
      1.0,
      12.0,
      2.023431,
      2.0
    ],
    [
      0.0,
      27.0,
      2.100386,
      4.0
    ],
    [
      6.0,
      34.0,
      2.200434,
      5.0
    ],
    [
      21.0,
      32.0,
      2.493591,
      4.0
    ],
    [
      8.0,
      30.0,
      2.993183,
      5.0
    ],
    [
      31.0,
      35.0,
      3.395507,
      8.0
    ],
    [
      7.0,
      22.0,
      3.497699,
      2.0
    ],
    [
      33.0,
      38.0,
      3.99583,
      10.0
    ],
    [
      16.0,
      39.0,
      5.178071,
      3.0
    ],
    [
      17.0,
      37.0,
      5.184367,
      6.0
    ],
    [
      4.0,
      40.0,
      5.404165,
      11.0
    ],
    [
      36.0,
      42.0,
      6.363466,
      10.0
    ],
    [
      41.0,
      44.0,
      7.923874,
      13.0
    ],
    [
      43.0,
      45.0,
      10.789078,
      24.0
    ]
  ],
  "cluster_ids": {
    "JENA31": 1,
    "JENA31DW1": 1,
    "BIALA19": 1,
    "BIALA20": 1,
    "BIALA21": 1,
    "FROSTILLICUS2": 1,
    "GRANCHIO4": 1,
    "HOBBES5": 2,
    "HOBBES6": 4,
    "MCKINLAY20": 4,
    "MCKINLAY21": 4,
    "MCKINLAY22": 4,
    "MCKINLAY23": 1,
    "MCKINLAY24": 4,
    "STIMPEE6": 1,
    "STIMPEE7": 1,
    "TERINGIE6": 2,
    "MCKINLAY10": 4,
    "MCKINLAY11": 3,
    "MCKINLAY12": 3,
    "MCKINLAY13": 3,
    "MCKINLAY14": 3,
    "MCKINLAY15": 2,
    "JENA31_DUAL": 1
  }
}