{
  "aliases": [
    "JENA31",
    "JENA31DW1",
    "BIALA19",
    "BIALA20",
    "BIALA21",
    "FROSTILLICUS2",
    "GRANCHIO4",
    "HOBBES5",
    "HOBBES6",
    "MCKINLAY20",
    "MCKINLAY21",
    "MCKINLAY22",
    "MCKINLAY23",
    "MCKINLAY24",
    "STIMPEE6",
    "STIMPEE7",
    "TERINGIE6",
    "MCKINLAY10",
    "MCKINLAY11",
    "MCKINLAY12",
    "MCKINLAY13",
    "MCKINLAY14",
    "MCKINLAY15"
  ],
  "features": [
    "mean_pct_ss",
    "mean_grain_ordinal",
    "mean_avg_GR",
    "mean_res_sep",
    "mean_RES_DEEP",
    "pay_pct",
    "mean_WRCI",
    "pct_high_risk"
  ],
  "feature_means": [
    91.98936986683667,
    1.3842326108437863,
    89.15922361799771,
    5.99808345970342,
    32.24940923073952,
    61.90422165581881,
    30.25291429851861,
    0.0
  ],
  "feature_stds": [
    7.37681632475926,
    1.5084785725683594,
    6.965151658414671,
    4.371846860977499,
    7.645068037850418,
    17.08556777036527,
    3.4692565678713856,
    1.0
  ],
  "cosine_similarity": [
    [
      1.0,
      -0.2164,
      -0.1807,
      0.2839,
      -0.1706,
      0.1045,
      0.6001,
      -0.4821,
      -0.4791,
      -0.6858,
      -0.5448,
      -0.7273,
      -0.0551,
      -0.7211,
      0.7172,
      0.4454,
      -0.6902,
      0.522,
      0.1227,
      -0.0108,
      0.4868,
      0.1599,
      -0.3493
    ],
    [
      -0.2164,
      1.0,
      0.4619,
      0.0769,
      0.179,
      0.4076,
      -0.0317,
      -0.2429,
      -0.0847,
      0.5576,
      0.1174,
      0.4446,
      0.7541,
      0.6125,
      0.0652,
      -0.0649,
      -0.4062,
      -0.2931,
      0.1228,
      -0.363,
      -0.6288,
      -0.9098,
      -0.6766
    ],
    [
      -0.1807,
      0.4619,
      1.0,
      0.0304,
      0.0425,
      0.9444,
      0.2586,
      -0.6811,
      -0.2452,
      0.1925,
      0.2377,
      0.2149,
      0.6734,
      0.2831,
      0.1368,
      -0.0722,
      0.022,
      -0.4207,
      -0.4697,
      -0.3374,
      -0.4321,
      -0.3424,
      -0.4292
    ],
    [
      0.2839,
      0.0769,
      0.0304,
      1.0,
      0.5578,
      0.1195,
      0.8473,
      -0.5047,
      -0.6146,
      -0.6812,
      -0.8563,
      -0.7074,
      0.1738,
      -0.6027,
      0.7321,
      0.9055,
      -0.3033,
      -0.0287,
      0.2805,
      0.199,
      -0.037,
      -0.1677,
      -0.5476
    ],
    [
      -0.1706,
      0.179,
      0.0425,
      0.5578,
      1.0,
      0.0655,
      0.2375,
      -0.0375,
      0.1031,
      -0.1057,
      -0.2416,
      -0.0881,
      -0.2117,
      -0.0817,
      0.0193,
      0.4163,
      0.111,
      0.3224,
      -0.3069,
      -0.1578,
      -0.6919,
      -0.4603,
      -0.3201
    ],
    [
      0.1045,
      0.4076,
      0.9444,
      0.1195,
      0.0655,
      1.0,
      0.4347,
      -0.7974,
      -0.3392,
      0.0106,
      0.0981,
      0.0115,
      0.6073,
      0.0996,
      0.3378,
      0.039,
      -0.2179,
      -0.1699,
      -0.4386,
      -0.4792,
      -0.3847,
      -0.3439,
      -0.5514
    ],
    [
      0.6001,
      -0.0317,
      0.2586,
      0.8473,
      0.2375,
      0.4347,
      1.0,
      -0.8155,
      -0.754,
      -0.8184,
      -0.7848,
      -0.827,
      0.2888,
      -0.7399,
      0.9277,
      0.8094,
      -0.4832,
      0.0435,
      0.1503,
      0.0455,
      0.1727,
      -0.0081,
      -0.6081
    ],
    [
      -0.4821,
      -0.2429,
      -0.6811,
      -0.5047,
      -0.0375,
      -0.7974,
      -0.8155,
      1.0,
      0.6029,
      0.4706,
      0.3559,
      0.4369,
      -0.6302,
      0.3987,
      -0.7897,
      -0.4287,
      0.4658,
      0.1195,
      0.1232,
      0.1532,
      -0.0106,
      0.2115,
      0.7328
    ],
    [
      -0.4791,
      -0.0847,
      -0.2452,
      -0.6146,
      0.1031,
      -0.3392,
      -0.754,
      0.6029,
      1.0,
      0.5783,
      0.7947,
      0.7236,
      -0.3782,
      0.4964,
      -0.6888,
      -0.7861,
      0.3504,
      0.3439,
      -0.2308,
      -0.3432,
      -0.3383,
      -0.1334,
      0.3253
    ],
    [
      -0.6858,
      0.5576,
      0.1925,
      -0.6812,
      -0.1057,
      0.0106,
      -0.8184,
      0.4706,
      0.5783,
      1.0,
      0.7888,
      0.9597,
      0.2151,
      0.9871,
      -0.7426,
      -0.7584,
      0.2351,
      -0.2468,
      -0.1358,
      -0.3367,
      -0.5469,
      -0.4677,
      0.1417
    ],
    [
      -0.5448,
      0.1174,
      0.2377,
      -0.8563,
      -0.2416,
      0.0981,
      -0.7848,
      0.3559,
      0.7947,
      0.7888,
      1.0,
      0.893,
      -0.0004,
      0.7438,
      -0.7259,
      -0.9638,
      0.3731,
      -0.0188,
      -0.4006,
      -0.4212,
      -0.3384,
      -0.1307,
      0.3052
    ],
    [
      -0.7273,
      0.4446,
      0.2149,
      -0.7074,
      -0.0881,
      0.0115,
      -0.827,
      0.4369,
      0.7236,
      0.9597,
      0.893,
      1.0,
      0.1803,
      0.9335,
      -0.7575,
      -0.845,
      0.3343,
      -0.2174,
      -0.2221,
      -0.3293,
      -0.5232,
      -0.4118,
      0.1632
    ],
    [
      -0.0551,
      0.7541,
      0.6734,
      0.1738,
      -0.2117,
      0.6073,
      0.2888,
      -0.6302,
      -0.3782,
      0.2151,
      -0.0004,
      0.1803,
      1.0,
      0.2994,
      0.4043,
      0.0192,
      -0.4147,
      -0.6002,
      0.2301,
      -0.1546,
      -0.1734,
      -0.5482,
      -0.6847
    ],
    [
      -0.7211,
      0.6125,
      0.2831,
      -0.6027,
      -0.0817,
      0.0996,
      -0.7399,
      0.3987,
      0.4964,
      0.9871,
      0.7438,
      0.9335,
      0.2994,
      1.0,
      -0.6829,
      -0.7054,
      0.2117,
      -0.3226,
      -0.0991,
      -0.3784,
      -0.5941,
      -0.5032,
      0.0819
    ],
    [
      0.7172,
      0.0652,
      0.1368,
      0.7321,
      0.0193,
      0.3378,
      0.9277,
      -0.7897,
      -0.6888,
      -0.7426,
      -0.7259,
      -0.7575,
      0.4043,
      -0.6829,
      1.0,
      0.6699,
      -0.7258,
      0.0872,
      0.3864,
      -0.024,
      0.2951,
      -0.0879,
      -0.7004
    ],
    [
      0.4454,
      -0.0649,
      -0.0722,
      0.9055,
      0.4163,
      0.039,
      0.8094,
      -0.4287,
      -0.7861,
      -0.7584,
      -0.9638,
      -0.845,
      0.0192,
      -0.7054,
      0.6699,
      1.0,
      -0.2415,
      -0.0178,
      0.1874,
      0.4148,
      0.1678,
      0.0573,
      -0.3424
    ],
    [
      -0.6902,
      -0.4062,
      0.022,
      -0.3033,
      0.111,
      -0.2179,
      -0.4832,
      0.4658,
      0.3504,
      0.2351,
      0.3731,
      0.3343,
      -0.4147,
      0.2117,
      -0.7258,
      -0.2415,
      1.0,
      -0.3337,
      -0.5032,
      0.4234,
      -0.0618,
      0.4409,
      0.7408
    ],
    [
      0.522,
      -0.2931,
      -0.4207,
      -0.0287,
      0.3224,
      -0.1699,
      0.0435,
      0.1195,
      0.3439,
      -0.2468,
      -0.0188,
      -0.2174,
      -0.6002,
      -0.3226,
      0.0872,
      -0.0178,
      -0.3337,
      1.0,
      -0.1766,
      -0.4458,
      -0.0969,
      -0.0443,
      -0.074
    ],
    [
      0.1227,
      0.1228,
      -0.4697,
      0.2805,
      -0.3069,
      -0.4386,
      0.1503,
      0.1232,
      -0.2308,
      -0.1358,
      -0.4006,
      -0.2221,
      0.2301,
      -0.0991,
      0.3864,
      0.1874,
      -0.5032,
      -0.1766,
      1.0,
      0.1116,
      0.376,
      -0.0361,
      -0.1664
    ],
    [
      -0.0108,
      -0.363,
      -0.3374,
      0.199,
      -0.1578,
      -0.4792,
      0.0455,
      0.1532,
      -0.3432,
      -0.3367,
      -0.4212,
      -0.3293,
      -0.1546,
      -0.3784,
      -0.024,
      0.4148,
      0.4234,
      -0.4458,
      0.1116,
      1.0,
      0.5955,
      0.5305,
      0.4043
    ],
    [
      0.4868,
      -0.6288,
      -0.4321,
      -0.037,
      -0.6919,
      -0.3847,
      0.1727,
      -0.0106,
      -0.3383,
      -0.5469,
      -0.3384,
      -0.5232,
      -0.1734,
      -0.5941,
      0.2951,
      0.1678,
      -0.0618,
      -0.0969,
      0.376,
      0.5955,
      1.0,
      0.7792,
      0.3693
    ],
    [
      0.1599,
      -0.9098,
      -0.3424,
      -0.1677,
      -0.4603,
      -0.3439,
      -0.0081,
      0.2115,
      -0.1334,
      -0.4677,
      -0.1307,
      -0.4118,
      -0.5482,
      -0.5032,
      -0.0879,
      0.0573,
      0.4409,
      -0.0443,
      -0.0361,
      0.5305,
      0.7792,
      1.0,
      0.7564
    ],
    [
      -0.3493,
      -0.6766,
      -0.4292,
      -0.5476,
      -0.3201,
      -0.5514,
      -0.6081,
      0.7328,
      0.3253,
      0.1417,
      0.3052,
      0.1632,
      -0.6847,
      0.0819,
      -0.7004,
      -0.3424,
      0.7408,
      -0.074,
      -0.1664,
      0.4043,
      0.3693,
      0.7564,
      1.0
    ]
  ],
  "euclidean_distance": [
    [
      0.0,
      5.7278,
      5.2917,
      4.2407,
      5.3073,
      4.7553,
      3.4929,
      6.1173,
      5.8472,
      5.9215,
      5.4724,
      5.8531,
      5.2924,
      5.6011,
      3.5548,
      3.9087,
      6.7827,
      4.0834,
      5.1476,
      4.6561,
      3.8009,
      4.572,
      7.0943
    ],
    [
      5.7278,
      0.0,
      2.7549,
      3.3909,
      3.4097,
      2.9259,
      4.1686,
      4.4059,
      3.8795,
      2.441,
      3.1883,
      2.6618,
      1.9956,
      2.3008,
      3.0878,
      3.414,
      4.9513,
      5.5645,
      4.1424,
      3.7942,
      4.5573,
      5.0463,
      6.6029
    ],
    [
      5.2917,
      2.7549,
      0.0,
      3.0174,
      3.2603,
      0.7985,
      3.2168,
      4.5974,
      3.6836,
      2.7711,
      2.5372,
      2.6522,
      2.1059,
      2.4146,
      2.4911,
      2.9304,
      3.7587,
      5.3834,
      4.8806,
      3.2451,
      3.7774,
      3.7588,
      5.6862
    ],
    [
      4.2407,
      3.3909,
      3.0174,
      0.0,
      2.0882,
      2.9503,
      1.6111,
      4.0743,
      3.8996,
      3.6798,
      3.5674,
      3.5699,
      3.1287,
      3.2073,
      1.3722,
      0.8658,
      4.0788,
      4.4974,
      3.3717,
      2.3005,
      2.9761,
      3.2567,
      5.6307
    ],
    [
      5.3073,
      3.4097,
      3.2603,
      2.0882,
      0.0,
      3.289,
      3.2914,
      3.6589,
      3.1665,
      3.2846,
      3.2523,
      3.1577,
      4.0303,
      2.9688,
      2.6789,
      2.2587,
      3.623,
      3.9207,
      4.6582,
      3.0819,
      4.1605,
      3.972,
      5.5322
    ],
    [
      4.7553,
      2.9259,
      0.7985,
      2.9503,
      3.289,
      0.0,
      2.8623,
      4.8467,
      3.9021,
      3.1396,
      2.8262,
      3.0453,
      2.3297,
      2.7612,
      2.3263,
      2.8653,
      4.2527,
      4.9954,
      4.9096,
      3.496,
      3.7995,
      3.8437,
      5.9763
    ],
    [
      3.4929,
      4.1686,
      3.2168,
      1.6111,
      3.2914,
      2.8623,
      0.0,
      5.3264,
      4.9171,
      4.702,
      4.3741,
      4.572,
      3.3921,
      4.2117,
      1.7932,
      1.854,
      5.0882,
      4.8191,
      4.0797,
      3.2558,
      3.2945,
      3.6953,
      6.4758
    ],
    [
      6.1173,
      4.4059,
      4.5974,
      4.0743,
      3.6589,
      4.8467,
      5.3264,
      0.0,
      2.2617,
      2.4875,
      2.6205,
      2.5144,
      4.9373,
      2.5161,
      3.7665,
      3.6859,
      2.9536,
      4.5232,
      4.0164,
      2.9127,
      3.45,
      3.1245,
      2.9515
    ],
    [
      5.8472,
      3.8795,
      3.6836,
      3.8996,
      3.1665,
      3.9021,
      4.9171,
      2.2617,
      0.0,
      2.0235,
      1.4303,
      1.6263,
      4.2613,
      2.0765,
      3.3428,
      3.7547,
      3.0955,
      3.8573,
      4.4965,
      3.2668,
      3.666,
      3.4669,
      4.1621
    ],
    [
      5.9215,
      2.441,
      2.7711,
      3.6798,
      3.2846,
      3.1396,
      4.702,
      2.4875,
      2.0235,
      0.0,
      1.2466,
      0.5719,
      3.0662,
      0.5226,
      3.0781,
      3.4178,
      3.2017,
      4.8821,
      4.1268,
      2.9768,
      3.6554,
      3.6698,
      4.4714
    ],
    [
      5.4724,
      3.1883,
      2.5372,
      3.5674,
      3.2523,
      2.8262,
      4.3741,
      2.6205,
      1.4303,
      1.2466,
      0.0,
      0.8421,
      3.2652,
      1.1835,
      2.767,
      3.3002,
      2.8486,
      4.355,
      4.3132,
      2.7978,
      3.1545,
      3.0073,
      4.1009
    ],
    [
      5.8531,
      2.6618,
      2.6522,
      3.5699,
      3.1577,
      3.0453,
      4.572,
      2.5144,
      1.6263,
      0.5719,
      0.8421,
      0.0,
      3.0593,
      0.6898,
      2.9461,
      3.3545,
      2.9606,
      4.7453,
      4.1696,
      2.8408,
      3.4982,
      3.4775,
      4.3871
    ],
    [
      5.2924,
      1.9956,
      2.1059,
      3.1287,
      4.0303,
      2.3297,
      3.3921,
      4.9373,
      4.2613,
      3.0662,
      3.2652,
      3.0593,
      0.0,
      2.7585,
      2.5486,
      3.1938,
      4.8681,
      6.067,
      3.8201,
      3.4235,
      3.7904,
      4.445,
      6.5143
    ],
    [
      5.6011,
      2.3008,
      2.4146,
      3.2073,
      2.9688,
      2.7612,
      4.2117,
      2.5161,
      2.0765,
      0.5226,
      1.1835,
      0.6898,
      2.7585,
      0.0,
      2.6159,
      2.9601,
      3.085,
      4.7285,
      3.8308,
      2.6511,
      3.3299,
      3.3505,
      4.4455
    ],
    [
      3.5548,
      3.0878,
      2.4911,
      1.3722,
      2.6789,
      2.3263,
      1.7932,
      3.7665,
      3.3428,
      3.0781,
      2.767,
      2.9461,
      2.5486,
      2.6159,
      0.0,
      1.2178,
      4.0182,
      4.0644,
      3.0762,
      2.072,
      2.1379,
      2.6873,
      5.2505
    ],
    [
      3.9087,
      3.414,
      2.9304,
      0.8658,
      2.2587,
      2.8653,
      1.854,
      3.6859,
      3.7547,
      3.4178,
      3.3002,
      3.3545,
      3.1938,
      2.9601,
      1.2178,
      0.0,
      3.7434,
      4.3195,
      3.4247,
      1.749,
      2.4565,
      2.7073,
      5.0758
    ],
    [
      6.7827,
      4.9513,
      3.7587,
      4.0788,
      3.623,
      4.2527,
      5.0882,
      2.9536,
      3.0955,
      3.2017,
      2.8486,
      2.9606,
      4.8681,
      3.085,
      4.0182,
      3.7434,
      0.0,
      5.7261,
      5.4985,
      2.7427,
      3.7926,
      2.8548,
      2.884
    ],
    [
      4.0834,
      5.5645,
      5.3834,
      4.4974,
      3.9207,
      4.9954,
      4.8191,
      4.5232,
      3.8573,
      4.8821,
      4.355,
      4.7453,
      6.067,
      4.7285,
      4.0644,
      4.3195,
      5.7261,
      0.0,
      5.6215,
      4.9087,
      4.6909,
      4.6593,
      6.0567
    ],
    [
      5.1476,
      4.1424,
      4.8806,
      3.3717,
      4.6582,
      4.9096,
      4.0797,
      4.0164,
      4.4965,
      4.1268,
      4.3132,
      4.1696,
      3.8201,
      3.8308,
      3.0762,
      3.4247,
      5.4985,
      5.6215,
      0.0,
      3.5382,
      3.214,
      4.0969,
      5.8522
    ],
    [
      4.6561,
      3.7942,
      3.2451,
      2.3005,
      3.0819,
      3.496,
      3.2558,
      2.9127,
      3.2668,
      2.9768,
      2.7978,
      2.8408,
      3.4235,
      2.6511,
      2.072,
      1.749,
      2.7427,
      4.9087,
      3.5382,
      0.0,
      1.7494,
      1.9609,
      3.9219
    ],
    [
      3.8009,
      4.5573,
      3.7774,
      2.9761,
      4.1605,
      3.7995,
      3.2945,
      3.45,
      3.666,
      3.6554,
      3.1545,
      3.4982,
      3.7904,
      3.3299,
      2.1379,
      2.4565,
      3.7926,
      4.6909,
      3.214,
      1.7494,
      0.0,
      1.4662,
      4.0211
    ],
    [
      4.572,
      5.0463,
      3.7588,
      3.2567,
      3.972,
      3.8437,
      3.6953,
      3.1245,
      3.4669,
      3.6698,
      3.0073,
      3.4775,
      4.445,
      3.3505,
      2.6873,
      2.7073,
      2.8548,
      4.6593,
      4.0969,
      1.9609,
      1.4662,
      0.0,
      2.9697
    ],
    [
      7.0943,
      6.6029,
      5.6862,
      5.6307,
      5.5322,
      5.9763,
      6.4758,
      2.9515,
      4.1621,
      4.4714,
      4.1009,
      4.3871,
      6.5143,
      4.4455,
      5.2505,
      5.0758,
      2.884,
      6.0567,
      5.8522,
      3.9219,
      4.0211,
      2.9697,
      0.0
    ]
  ],
  "linkage": [
    [
      9.0,
      13.0,
      0.522648,
      2.0
    ],
    [
      11.0,
      23.0,
      0.666485,
      3.0
    ],
    [
      2.0,
      5.0,
      0.798544,
      2.0
    ],
    [
      3.0,
      15.0,
      0.865824,
      2.0
    ],
    [
      10.0,
      24.0,
      1.285549,
      4.0
    ],
    [
      14.0,
      26.0,
      1.412149,
      3.0
    ],
    [
      20.0,
      21.0,
      1.466186,
      2.0
    ],
    [
      19.0,
      29.0,
      1.971601,
      3.0
    ],
    [
      6.0,
      28.0,
      1.984517,
      4.0
    ],
    [
      1.0,
      12.0,
      1.995575,
      2.0
    ],
    [
      8.0,
      27.0,
      2.182838,
      5.0
    ],
    [
      16.0,
      22.0,
      2.884034,
      2.0
    ],
    [
      7.0,
      34.0,
      2.975045,
      3.0
    ],
    [
      4.0,
      31.0,
      3.106832,
      5.0
    ],
    [
      25.0,
      32.0,
      3.270516,
      4.0
    ],
    [
      0.0,
      17.0,
      4.083436,
      2.0
    ],
    [
      18.0,
      30.0,
      4.278695,
      4.0
    ],
    [
      36.0,
      39.0,
      4.996262,
      9.0
    ],
    [
      33.0,
      35.0,
      5.39844,
      8.0
    ],
    [
      38.0,
      40.0,
      6.360751,
      11.0
    ],
    [
      37.0,
      42.0,
      7.042707,
      15.0
    ],
    [
      41.0,
      43.0,
      8.992365,
      23.0
    ]
  ],
  "cluster_ids": {
    "JENA31": 3,
    "JENA31DW1": 2,
    "BIALA19": 2,
    "BIALA20": 4,
    "BIALA21": 4,
    "FROSTILLICUS2": 2,
    "GRANCHIO4": 4,
    "HOBBES5": 1,
    "HOBBES6": 1,
    "MCKINLAY20": 1,
    "MCKINLAY21": 1,
    "MCKINLAY22": 1,
    "MCKINLAY23": 2,
    "MCKINLAY24": 1,
    "STIMPEE6": 4,
    "STIMPEE7": 4,
    "TERINGIE6": 1,
    "MCKINLAY10": 3,
    "MCKINLAY11": 4,
    "MCKINLAY12": 4,
    "MCKINLAY13": 4,
    "MCKINLAY14": 4,
    "MCKINLAY15": 1
  }
}