{
  "aliases": [
    "JENA31",
    "JENA31DW1",
    "BIALA19",
    "BIALA20",
    "BIALA21",
    "FROSTILLICUS2",
    "GRANCHIO4",
    "HOBBES5",
    "HOBBES6",
    "MCKINLAY20",
    "MCKINLAY21",
    "MCKINLAY22",
    "MCKINLAY23",
    "MCKINLAY24",
    "STIMPEE6",
    "STIMPEE7",
    "TERINGIE6",
    "MCKINLAY10",
    "MCKINLAY11",
    "MCKINLAY12",
    "MCKINLAY13",
    "MCKINLAY14",
    "MCKINLAY15"
  ],
  "features": [
    "mean_pct_ss",
    "mean_grain_ordinal",
    "mean_avg_GR",
    "mean_RES_DEEP",
    "pay_pct",
    "mean_WRCI",
    "pct_high_risk",
    "pct_zoi"
  ],
  "feature_means": [
    91.98936986683667,
    1.3842326108437863,
    89.15922361799771,
    32.24940923073952,
    61.90422165581881,
    26.271552226597088,
    3.3003535786007525,
    1.935958143933055
  ],
  "feature_stds": [
    7.37681632475926,
    1.5084785725683594,
    6.965151658414671,
    7.645068037850418,
    17.08556777036527,
    4.724698546031885,
    6.9218586595739975,
    2.618140408356986
  ],
  "cosine_similarity": [
    [
      1.0,
      -0.2113,
      -0.2053,
      0.1855,
      -0.2169,
      0.1834,
      0.6946,
      -0.499,
      -0.2546,
      -0.4949,
      -0.2534,
      -0.3396,
      0.1687,
      -0.6886,
      0.7482,
      0.2557,
      -0.5206,
      0.465,
      0.6883,
      -0.1442,
      0.439,
      0.0329,
      -0.3809
    ],
    [
      -0.2113,
      1.0,
      0.3232,
      0.0511,
      0.0842,
      0.6369,
      0.0874,
      -0.4072,
      -0.1558,
      0.5599,
      0.3095,
      0.554,
      0.7532,
      0.4888,
      0.3015,
      0.0623,
      -0.4124,
      -0.1361,
      -0.4145,
      -0.2373,
      -0.5328,
      -0.8465,
      -0.6775
    ],
    [
      -0.2053,
      0.3232,
      1.0,
      0.5183,
      0.4244,
      0.6891,
      0.0732,
      -0.5667,
      0.0761,
      -0.1465,
      -0.0166,
      -0.2309,
      0.2995,
      0.158,
      -0.2461,
      0.1837,
      -0.0255,
      -0.4834,
      -0.5622,
      -0.5029,
      -0.476,
      -0.2643,
      -0.4373
    ],
    [
      0.1855,
      0.0511,
      0.5183,
      1.0,
      0.6941,
      0.1994,
      0.4831,
      -0.4819,
      -0.1364,
      -0.6742,
      -0.6173,
      -0.6624,
      0.0057,
      -0.5044,
      0.2266,
      0.8633,
      -0.2925,
      -0.1374,
      -0.0333,
      -0.1545,
      -0.1951,
      -0.3096,
      -0.489
    ],
    [
      -0.2169,
      0.0842,
      0.4244,
      0.6941,
      1.0,
      -0.0089,
      -0.0065,
      0.013,
      0.1652,
      -0.4124,
      -0.3709,
      -0.4747,
      -0.3052,
      0.0593,
      -0.2591,
      0.4116,
      0.2236,
      0.036,
      -0.5683,
      -0.4446,
      -0.6671,
      -0.4515,
      -0.3371
    ],
    [
      0.1834,
      0.6369,
      0.6891,
      0.1994,
      -0.0089,
      1.0,
      0.4502,
      -0.8177,
      -0.3148,
      0.0915,
      0.0522,
      0.0495,
      0.74,
      0.1411,
      0.3044,
      0.1143,
      -0.3526,
      -0.2426,
      -0.2332,
      -0.4928,
      -0.3741,
      -0.4316,
      -0.714
    ],
    [
      0.6946,
      0.0874,
      0.0732,
      0.4831,
      -0.0065,
      0.4502,
      1.0,
      -0.768,
      -0.6827,
      -0.5859,
      -0.6986,
      -0.5236,
      0.4311,
      -0.6977,
      0.7641,
      0.6817,
      -0.3936,
      -0.0035,
      0.5476,
      0.0909,
      0.1738,
      -0.0799,
      -0.6037
    ],
    [
      -0.499,
      -0.4072,
      -0.5667,
      -0.4819,
      0.013,
      -0.8177,
      -0.768,
      1.0,
      0.3997,
      0.3084,
      0.2716,
      0.2451,
      -0.7246,
      0.3799,
      -0.5791,
      -0.4511,
      0.5066,
      0.2313,
      -0.1648,
      0.1892,
      0.0287,
      0.2987,
      0.7956
    ],
    [
      -0.2546,
      -0.1558,
      0.0761,
      -0.1364,
      0.1652,
      -0.3148,
      -0.6827,
      0.3997,
      1.0,
      0.2868,
      0.6081,
      0.3276,
      -0.5019,
      0.2372,
      -0.581,
      -0.4686,
      0.043,
      0.4308,
      -0.4814,
      -0.3572,
      -0.2654,
      -0.0172,
      0.2266
    ],
    [
      -0.4949,
      0.5599,
      -0.1465,
      -0.6742,
      -0.4124,
      0.0915,
      -0.5859,
      0.3084,
      0.2868,
      1.0,
      0.8202,
      0.9682,
      0.2671,
      0.7554,
      -0.1894,
      -0.6124,
      -0.1104,
      0.0522,
      -0.3756,
      -0.03,
      -0.2355,
      -0.2905,
      0.1342
    ],
    [
      -0.2534,
      0.3095,
      -0.0166,
      -0.6173,
      -0.3709,
      0.0522,
      -0.6986,
      0.2716,
      0.6081,
      0.8202,
      1.0,
      0.8539,
      0.123,
      0.6557,
      -0.2664,
      -0.7825,
      -0.1543,
      0.2013,
      -0.3698,
      -0.3001,
      -0.1062,
      -0.2067,
      0.1451
    ],
    [
      -0.3396,
      0.554,
      -0.2309,
      -0.6624,
      -0.4747,
      0.0495,
      -0.5236,
      0.2451,
      0.3276,
      0.9682,
      0.8539,
      1.0,
      0.3232,
      0.6402,
      -0.0458,
      -0.5996,
      -0.2404,
      0.1437,
      -0.2479,
      0.0165,
      -0.1163,
      -0.3283,
      0.0575
    ],
    [
      0.1687,
      0.7532,
      0.2995,
      0.0057,
      -0.3052,
      0.74,
      0.4311,
      -0.7246,
      -0.5019,
      0.2671,
      0.123,
      0.3232,
      1.0,
      0.133,
      0.584,
      0.1029,
      -0.448,
      -0.3969,
      0.0844,
      0.0344,
      0.0091,
      -0.4814,
      -0.6584
    ],
    [
      -0.6886,
      0.4888,
      0.158,
      -0.5044,
      0.0593,
      0.1411,
      -0.6977,
      0.3799,
      0.2372,
      0.7554,
      0.6557,
      0.6402,
      0.133,
      1.0,
      -0.501,
      -0.6496,
      0.3515,
      -0.1725,
      -0.7435,
      -0.3239,
      -0.5388,
      -0.3571,
      0.0977
    ],
    [
      0.7482,
      0.3015,
      -0.2461,
      0.2266,
      -0.2591,
      0.3044,
      0.7641,
      -0.5791,
      -0.581,
      -0.1894,
      -0.2664,
      -0.0458,
      0.584,
      -0.501,
      1.0,
      0.4868,
      -0.7273,
      0.1916,
      0.671,
      0.1479,
      0.3656,
      -0.3337,
      -0.565
    ],
    [
      0.2557,
      0.0623,
      0.1837,
      0.8633,
      0.4116,
      0.1143,
      0.6817,
      -0.4511,
      -0.4686,
      -0.6124,
      -0.7825,
      -0.5996,
      0.1029,
      -0.6496,
      0.4868,
      1.0,
      -0.3887,
      -0.1457,
      0.3077,
      0.2093,
      0.0369,
      -0.1935,
      -0.3904
    ],
    [
      -0.5206,
      -0.4124,
      -0.0255,
      -0.2925,
      0.2236,
      -0.3526,
      -0.3936,
      0.5066,
      0.043,
      -0.1104,
      -0.1543,
      -0.2404,
      -0.448,
      0.3515,
      -0.7273,
      -0.3887,
      1.0,
      -0.3109,
      -0.3543,
      0.0966,
      -0.1786,
      0.4404,
      0.4825
    ],
    [
      0.465,
      -0.1361,
      -0.4834,
      -0.1374,
      0.036,
      -0.2426,
      -0.0035,
      0.2313,
      0.4308,
      0.0522,
      0.2013,
      0.1437,
      -0.3969,
      -0.1725,
      0.1916,
      -0.1457,
      -0.3109,
      1.0,
      0.109,
      -0.3835,
      -0.1168,
      -0.161,
      -0.0716
    ],
    [
      0.6883,
      -0.4145,
      -0.5622,
      -0.0333,
      -0.5683,
      -0.2332,
      0.5476,
      -0.1648,
      -0.4814,
      -0.3756,
      -0.3698,
      -0.2479,
      0.0844,
      -0.7435,
      0.671,
      0.3077,
      -0.3543,
      0.109,
      1.0,
      0.573,
      0.8765,
      0.4413,
      0.1452
    ],
    [
      -0.1442,
      -0.2373,
      -0.5029,
      -0.1545,
      -0.4446,
      -0.4928,
      0.0909,
      0.1892,
      -0.3572,
      -0.03,
      -0.3001,
      0.0165,
      0.0344,
      -0.3239,
      0.1479,
      0.2093,
      0.0966,
      -0.3835,
      0.573,
      1.0,
      0.6412,
      0.4548,
      0.4201
    ],
    [
      0.439,
      -0.5328,
      -0.476,
      -0.1951,
      -0.6671,
      -0.3741,
      0.1738,
      0.0287,
      -0.2654,
      -0.2355,
      -0.1062,
      -0.1163,
      0.0091,
      -0.5388,
      0.3656,
      0.0369,
      -0.1786,
      -0.1168,
      0.8765,
      0.6412,
      1.0,
      0.6096,
      0.4259
    ],
    [
      0.0329,
      -0.8465,
      -0.2643,
      -0.3096,
      -0.4515,
      -0.4316,
      -0.0799,
      0.2987,
      -0.0172,
      -0.2905,
      -0.2067,
      -0.3283,
      -0.4814,
      -0.3571,
      -0.3337,
      -0.1935,
      0.4404,
      -0.161,
      0.4413,
      0.4548,
      0.6096,
      1.0,
      0.7617
    ],
    [
      -0.3809,
      -0.6775,
      -0.4373,
      -0.489,
      -0.3371,
      -0.714,
      -0.6037,
      0.7956,
      0.2266,
      0.1342,
      0.1451,
      0.0575,
      -0.6584,
      0.0977,
      -0.565,
      -0.3904,
      0.4825,
      -0.0716,
      0.1452,
      0.4201,
      0.4259,
      0.7617,
      1.0
    ]
  ],
  "euclidean_distance": [
    [
      0.0,
      4.1659,
      4.524,
      3.5512,
      5.0401,
      3.1057,
      2.1372,
      4.5464,
      3.8823,
      3.9533,
      3.2682,
      3.6554,
      3.5169,
      3.7186,
      1.6862,
      2.6864,
      7.2262,
      3.4569,
      1.8431,
      3.3001,
      2.5148,
      3.6227,
      5.7124
    ],
    [
      4.1659,
      0.0,
      3.5491,
      4.0027,
      4.5616,
      2.2286,
      3.8392,
      4.6317,
      3.9414,
      2.3712,
      2.7481,
      2.3648,
      2.0073,
      2.4536,
      2.851,
      3.212,
      7.2006,
      5.0298,
      3.9265,
      3.6614,
      4.3729,
      5.2643,
      6.4825
    ],
    [
      4.524,
      3.5491,
      0.0,
      3.0792,
      3.8386,
      2.3628,
      4.1841,
      5.2907,
      3.8762,
      4.0806,
      3.6159,
      4.1377,
      3.6564,
      3.3605,
      4.1071,
      3.4013,
      6.5263,
      6.0918,
      4.5354,
      4.4253,
      4.6998,
      4.7269,
      6.3792
    ],
    [
      3.5512,
      4.0027,
      3.0792,
      0.0,
      2.7833,
      3.4025,
      2.987,
      4.9171,
      4.0613,
      4.6117,
      4.1083,
      4.4931,
      4.1589,
      3.9588,
      3.136,
      1.7341,
      7.0571,
      5.1592,
      3.5563,
      3.7119,
      4.0316,
      4.5898,
      6.2775
    ],
    [
      5.0401,
      4.5616,
      3.8386,
      2.7833,
      0.0,
      4.4992,
      4.8093,
      4.6706,
      4.1606,
      5.0234,
      4.6181,
      5.0303,
      5.4708,
      4.0316,
      4.6559,
      3.5016,
      6.0176,
      5.3076,
      5.0937,
      4.8919,
      5.5301,
      5.577,
      6.6096
    ],
    [
      3.1057,
      2.2286,
      2.3628,
      3.4025,
      4.4992,
      0.0,
      2.761,
      4.7926,
      3.7906,
      2.9316,
      2.6977,
      2.9237,
      1.9576,
      2.5659,
      2.4715,
      2.7324,
      6.7446,
      4.9113,
      3.2571,
      3.542,
      3.7202,
      4.22,
      6.1114
    ],
    [
      2.1372,
      3.8392,
      4.1841,
      2.987,
      4.8093,
      2.761,
      0.0,
      5.2514,
      4.8055,
      4.378,
      4.0766,
      4.1975,
      3.0789,
      4.0495,
      1.8908,
      2.1135,
      7.2041,
      4.7775,
      2.4164,
      3.2367,
      3.2875,
      4.0749,
      6.3994
    ],
    [
      4.5464,
      4.6317,
      5.2907,
      4.9171,
      4.6706,
      4.7926,
      5.2514,
      0.0,
      2.7946,
      2.8398,
      2.7228,
      2.9071,
      5.2109,
      2.5489,
      4.0496,
      3.827,
      4.8051,
      4.1316,
      3.503,
      2.946,
      3.4259,
      3.1863,
      2.6531
    ],
    [
      3.8823,
      3.9414,
      3.8762,
      4.0613,
      4.1606,
      3.7906,
      4.8055,
      2.7946,
      0.0,
      2.6325,
      1.8758,
      2.5014,
      4.5664,
      2.4721,
      3.7277,
      3.5298,
      5.957,
      3.5103,
      3.605,
      3.4223,
      3.6083,
      3.5936,
      4.3613
    ],
    [
      3.9533,
      2.3712,
      4.0806,
      4.6117,
      5.0234,
      2.9316,
      4.378,
      2.8398,
      2.6325,
      0.0,
      1.1671,
      0.5089,
      3.0607,
      1.327,
      2.9691,
      3.3831,
      6.1343,
      4.2171,
      3.1862,
      2.7309,
      3.3001,
      3.7893,
      4.447
    ],
    [
      3.2682,
      2.7481,
      3.6159,
      4.1083,
      4.6181,
      2.6977,
      4.0766,
      2.7228,
      1.8758,
      1.1671,
      0.0,
      0.9981,
      3.1011,
      1.2432,
      2.6608,
      3.0731,
      5.9944,
      3.803,
      2.7596,
      2.6544,
      2.7766,
      3.3289,
      4.2907
    ],
    [
      3.6554,
      2.3648,
      4.1377,
      4.4931,
      5.0303,
      2.9237,
      4.1975,
      2.9071,
      2.5014,
      0.5089,
      0.9981,
      0.0,
      2.9097,
      1.4872,
      2.6964,
      3.2621,
      6.3069,
      4.0047,
      2.9395,
      2.5817,
      3.0522,
      3.754,
      4.548
    ],
    [
      3.5169,
      2.0073,
      3.6564,
      4.1589,
      5.4708,
      1.9576,
      3.0789,
      5.2109,
      4.5664,
      3.0607,
      3.1011,
      2.9097,
      0.0,
      3.076,
      2.3573,
      3.2249,
      7.3432,
      5.6267,
      3.2883,
      3.3465,
      3.6076,
      4.7938,
      6.5254
    ],
    [
      3.7186,
      2.4536,
      3.3605,
      3.9588,
      4.0316,
      2.5659,
      4.0495,
      2.5489,
      2.4721,
      1.327,
      1.2432,
      1.4872,
      3.076,
      0.0,
      2.8684,
      2.93,
      5.2377,
      4.3172,
      3.0816,
      2.6548,
      3.2238,
      3.4855,
      4.3535
    ],
    [
      1.6862,
      2.851,
      4.1071,
      3.136,
      4.6559,
      2.4715,
      1.8908,
      4.0496,
      3.7277,
      2.9691,
      2.6608,
      2.6964,
      2.3573,
      2.8684,
      0.0,
      1.8067,
      7.0096,
      3.893,
      1.4756,
      2.3477,
      2.2689,
      3.7002,
      5.4807
    ],
    [
      2.6864,
      3.212,
      3.4013,
      1.7341,
      3.5016,
      2.7324,
      2.1135,
      3.827,
      3.5298,
      3.3831,
      3.0731,
      3.2621,
      3.2249,
      2.93,
      1.8067,
      0.0,
      6.4511,
      4.411,
      2.0933,
      2.2103,
      2.7341,
      3.4575,
      5.1751
    ],
    [
      7.2262,
      7.2006,
      6.5263,
      7.0571,
      6.0176,
      6.7446,
      7.2041,
      4.8051,
      5.957,
      6.1343,
      5.9944,
      6.3069,
      7.3432,
      5.2377,
      7.0096,
      6.4511,
      0.0,
      7.6632,
      6.4425,
      5.6815,
      6.3317,
      5.0069,
      5.1212
    ],
    [
      3.4569,
      5.0298,
      6.0918,
      5.1592,
      5.3076,
      4.9113,
      4.7775,
      4.1316,
      3.5103,
      4.2171,
      3.803,
      4.0047,
      5.6267,
      4.3172,
      3.893,
      4.411,
      7.6632,
      0.0,
      4.035,
      4.7768,
      4.5987,
      4.9888,
      5.898
    ],
    [
      1.8431,
      3.9265,
      4.5354,
      3.5563,
      5.0937,
      3.2571,
      2.4164,
      3.503,
      3.605,
      3.1862,
      2.7596,
      2.9395,
      3.2883,
      3.0816,
      1.4756,
      2.0933,
      6.4425,
      4.035,
      0.0,
      1.6588,
      1.0499,
      2.4784,
      4.3638
    ],
    [
      3.3001,
      3.6614,
      4.4253,
      3.7119,
      4.8919,
      3.542,
      3.2367,
      2.946,
      3.4223,
      2.7309,
      2.6544,
      2.5817,
      3.3465,
      2.6548,
      2.3477,
      2.2103,
      5.6815,
      4.7768,
      1.6588,
      0.0,
      1.7104,
      2.442,
      3.8482
    ],
    [
      2.5148,
      4.3729,
      4.6998,
      4.0316,
      5.5301,
      3.7202,
      3.2875,
      3.4259,
      3.6083,
      3.3001,
      2.7766,
      3.0522,
      3.6076,
      3.2238,
      2.2689,
      2.7341,
      6.3317,
      4.5987,
      1.0499,
      1.7104,
      0.0,
      2.1852,
      3.8543
    ],
    [
      3.6227,
      5.2643,
      4.7269,
      4.5898,
      5.577,
      4.22,
      4.0749,
      3.1863,
      3.5936,
      3.7893,
      3.3289,
      3.754,
      4.7938,
      3.4855,
      3.7002,
      3.4575,
      5.0069,
      4.9888,
      2.4784,
      2.442,
      2.1852,
      0.0,
      2.8044
    ],
    [
      5.7124,
      6.4825,
      6.3792,
      6.2775,
      6.6096,
      6.1114,
      6.3994,
      2.6531,
      4.3613,
      4.447,
      4.2907,
      4.548,
      6.5254,
      4.3535,
      5.4807,
      5.1751,
      5.1212,
      5.898,
      4.3638,
      3.8482,
      3.8543,
      2.8044,
      0.0
    ]
  ],
  "linkage": [
    [
      9.0,
      11.0,
      0.508938,
      2.0
    ],
    [
      18.0,
      20.0,
      1.04992,
      2.0
    ],
    [
      10.0,
      23.0,
      1.218962,
      3.0
    ],
    [
      13.0,
      25.0,
      1.52413,
      4.0
    ],
    [
      0.0,
      14.0,
      1.686167,
      2.0
    ],
    [
      3.0,
      15.0,
      1.73408,
      2.0
    ],
    [
      19.0,
      24.0,
      1.848541,
      3.0
    ],
    [
      5.0,
      12.0,
      1.957568,
      2.0
    ],
    [
      6.0,
      27.0,
      2.116764,
      3.0
    ],
    [
      1.0,
      30.0,
      2.172532,
      3.0
    ],
    [
      7.0,
      22.0,
      2.653053,
      2.0
    ],
    [
      21.0,
      29.0,
      2.703773,
      4.0
    ],
    [
      8.0,
      26.0,
      2.883271,
      5.0
    ],
    [
      4.0,
      28.0,
      3.512274,
      3.0
    ],
    [
      2.0,
      32.0,
      3.692727,
      4.0
    ],
    [
      31.0,
      34.0,
      4.522922,
      7.0
    ],
    [
      17.0,
      35.0,
      4.934722,
      6.0
    ],
    [
      16.0,
      33.0,
      5.525469,
      3.0
    ],
    [
      36.0,
      37.0,
      5.753911,
      7.0
    ],
    [
      38.0,
      39.0,
      6.784392,
      13.0
    ],
    [
      41.0,
      42.0,
      7.138204,
      20.0
    ],
    [
      40.0,
      43.0,
      9.298746,
      23.0
    ]
  ],
  "cluster_ids": {
    "JENA31": 3,
    "JENA31DW1": 2,
    "BIALA19": 2,
    "BIALA20": 2,
    "BIALA21": 2,
    "FROSTILLICUS2": 2,
    "GRANCHIO4": 3,
    "HOBBES5": 1,
    "HOBBES6": 4,
    "MCKINLAY20": 4,
    "MCKINLAY21": 4,
    "MCKINLAY22": 4,
    "MCKINLAY23": 2,
    "MCKINLAY24": 4,
    "STIMPEE6": 3,
    "STIMPEE7": 2,
    "TERINGIE6": 1,
    "MCKINLAY10": 4,
    "MCKINLAY11": 3,
    "MCKINLAY12": 3,
    "MCKINLAY13": 3,
    "MCKINLAY14": 3,
    "MCKINLAY15": 1
  }
}