{
  "aliases": [
    "JENA31",
    "JENA31DW1",
    "BIALA19",
    "BIALA20",
    "BIALA21",
    "FROSTILLICUS2",
    "GRANCHIO4",
    "HOBBES5",
    "HOBBES6",
    "MCKINLAY20",
    "MCKINLAY21",
    "MCKINLAY22",
    "MCKINLAY23",
    "MCKINLAY24",
    "STIMPEE6",
    "STIMPEE7",
    "TERINGIE6",
    "MCKINLAY10",
    "MCKINLAY11",
    "MCKINLAY12",
    "MCKINLAY13",
    "MCKINLAY14",
    "MCKINLAY15"
  ],
  "features": [
    "mean_pct_ss",
    "mean_grain_ordinal",
    "mean_avg_GR",
    "mean_RES_DEEP",
    "pay_pct",
    "mean_WRCI",
    "pct_high_risk",
    "pct_zoi"
  ],
  "feature_means": [
    91.98936986683667,
    1.3842326108437863,
    89.15922361799771,
    32.24940923073952,
    61.90422165581881,
    27.742865679771313,
    0.6836204539239814,
    3.1707883804757855
  ],
  "feature_stds": [
    7.37681632475926,
    1.5084785725683594,
    6.965151658414671,
    7.645068037850418,
    17.08556777036527,
    5.488151824359748,
    3.206464150822689,
    2.8043908094725047
  ],
  "cosine_similarity": [
    [
      1.0,
      -0.3434,
      -0.0908,
      0.3258,
      -0.0529,
      0.2038,
      0.6878,
      -0.5232,
      -0.2671,
      -0.5426,
      -0.2504,
      -0.4471,
      0.1104,
      -0.6716,
      0.6798,
      0.1923,
      -0.4263,
      0.4381,
      0.6403,
      -0.2401,
      0.4119,
      0.0706,
      -0.3645
    ],
    [
      -0.3434,
      1.0,
      0.5657,
      0.0953,
      0.2477,
      0.6991,
      0.0453,
      -0.4429,
      -0.1448,
      0.4956,
      0.3255,
      0.4443,
      0.6849,
      0.5535,
      0.1487,
      0.0179,
      -0.2604,
      -0.2103,
      -0.5636,
      -0.3341,
      -0.6522,
      -0.84,
      -0.6552
    ],
    [
      -0.0908,
      0.5657,
      1.0,
      0.397,
      0.4445,
      0.7098,
      0.2051,
      -0.594,
      -0.0931,
      -0.1855,
      0.0154,
      -0.2517,
      0.3609,
      0.0899,
      0.1871,
      0.393,
      -0.0955,
      -0.5169,
      -0.5469,
      -0.5001,
      -0.3963,
      -0.3426,
      -0.5759
    ],
    [
      0.3258,
      0.0953,
      0.397,
      1.0,
      0.7851,
      0.1569,
      0.693,
      -0.5942,
      -0.4402,
      -0.7322,
      -0.6015,
      -0.765,
      0.0157,
      -0.7023,
      0.6984,
      0.9717,
      -0.2999,
      -0.1104,
      0.105,
      -0.1015,
      -0.0288,
      -0.2929,
      -0.579
    ],
    [
      -0.0529,
      0.2477,
      0.4445,
      0.7851,
      1.0,
      0.0118,
      0.1862,
      -0.2326,
      0.0873,
      -0.4327,
      -0.232,
      -0.4876,
      -0.2852,
      -0.3188,
      0.3013,
      0.7759,
      -0.1588,
      0.0898,
      -0.4336,
      -0.399,
      -0.4483,
      -0.4679,
      -0.4714
    ],
    [
      0.2038,
      0.6991,
      0.7098,
      0.1569,
      0.0118,
      1.0,
      0.4673,
      -0.7485,
      -0.3935,
      0.1055,
      0.0581,
      0.0598,
      0.7592,
      0.2224,
      0.3649,
      0.0593,
      -0.3151,
      -0.231,
      -0.215,
      -0.4929,
      -0.3789,
      -0.4891,
      -0.7104
    ],
    [
      0.6878,
      0.0453,
      0.2051,
      0.693,
      0.1862,
      0.4673,
      1.0,
      -0.7708,
      -0.7054,
      -0.6209,
      -0.6904,
      -0.6071,
      0.3995,
      -0.6639,
      0.7586,
      0.586,
      -0.3433,
      -0.0354,
      0.4961,
      0.0024,
      0.1343,
      -0.1318,
      -0.6213
    ],
    [
      -0.5232,
      -0.4429,
      -0.594,
      -0.5942,
      -0.2326,
      -0.7485,
      -0.7708,
      1.0,
      0.6042,
      0.3653,
      0.2279,
      0.3501,
      -0.6986,
      0.3757,
      -0.7992,
      -0.4694,
      0.3548,
      0.229,
      -0.1505,
      0.3047,
      -0.0012,
      0.4854,
      0.863
    ],
    [
      -0.2671,
      -0.1448,
      -0.0931,
      -0.4402,
      0.0873,
      -0.3935,
      -0.7054,
      0.6042,
      1.0,
      0.2334,
      0.4877,
      0.3063,
      -0.561,
      0.3561,
      -0.6495,
      -0.4464,
      0.2275,
      0.3785,
      -0.5452,
      -0.2826,
      -0.3157,
      0.1122,
      0.2898
    ],
    [
      -0.5426,
      0.4956,
      -0.1855,
      -0.7322,
      -0.4327,
      0.1055,
      -0.6209,
      0.3653,
      0.2334,
      1.0,
      0.7538,
      0.9775,
      0.313,
      0.9233,
      -0.4204,
      -0.7275,
      -0.0716,
      0.0817,
      -0.33,
      -0.0071,
      -0.2925,
      -0.3194,
      0.2011
    ],
    [
      -0.2504,
      0.3255,
      0.0154,
      -0.6015,
      -0.232,
      0.0581,
      -0.6904,
      0.2279,
      0.4877,
      0.7538,
      1.0,
      0.7812,
      0.1491,
      0.6962,
      -0.217,
      -0.611,
      -0.2361,
      0.2082,
      -0.3499,
      -0.3482,
      -0.0926,
      -0.308,
      0.1103
    ],
    [
      -0.4471,
      0.4443,
      -0.2517,
      -0.765,
      -0.4876,
      0.0598,
      -0.6071,
      0.3501,
      0.3063,
      0.9775,
      0.7812,
      1.0,
      0.329,
      0.8721,
      -0.3995,
      -0.7909,
      -0.0881,
      0.1454,
      -0.2639,
      0.0265,
      -0.2238,
      -0.301,
      0.174
    ],
    [
      0.1104,
      0.6849,
      0.3609,
      0.0157,
      -0.2852,
      0.7592,
      0.3995,
      -0.6986,
      -0.561,
      0.313,
      0.1491,
      0.329,
      1.0,
      0.2407,
      0.4445,
      -0.0835,
      -0.3549,
      -0.3708,
      0.1094,
      0.0259,
      -0.0141,
      -0.4852,
      -0.5808
    ],
    [
      -0.6716,
      0.5535,
      0.0899,
      -0.7023,
      -0.3188,
      0.2224,
      -0.6639,
      0.3757,
      0.3561,
      0.9233,
      0.6962,
      0.8721,
      0.2407,
      1.0,
      -0.592,
      -0.6711,
      0.046,
      -0.0833,
      -0.5854,
      -0.1262,
      -0.4804,
      -0.2469,
      0.1875
    ],
    [
      0.6798,
      0.1487,
      0.1871,
      0.6984,
      0.3013,
      0.3649,
      0.7586,
      -0.7992,
      -0.6495,
      -0.4204,
      -0.217,
      -0.3995,
      0.4445,
      -0.592,
      1.0,
      0.6028,
      -0.6477,
      0.0824,
      0.5012,
      -0.1416,
      0.3137,
      -0.4056,
      -0.6401
    ],
    [
      0.1923,
      0.0179,
      0.393,
      0.9717,
      0.7759,
      0.0593,
      0.586,
      -0.4694,
      -0.4464,
      -0.7275,
      -0.611,
      -0.7909,
      -0.0835,
      -0.6711,
      0.6028,
      1.0,
      -0.2398,
      -0.2274,
      0.0921,
      -0.0129,
      0.0342,
      -0.165,
      -0.4046
    ],
    [
      -0.4263,
      -0.2604,
      -0.0955,
      -0.2999,
      -0.1588,
      -0.3151,
      -0.3433,
      0.3548,
      0.2275,
      -0.0716,
      -0.2361,
      -0.0881,
      -0.3549,
      0.046,
      -0.6477,
      -0.2398,
      1.0,
      -0.2627,
      -0.2995,
      0.1474,
      -0.1688,
      0.3386,
      0.3436
    ],
    [
      0.4381,
      -0.2103,
      -0.5169,
      -0.1104,
      0.0898,
      -0.231,
      -0.0354,
      0.229,
      0.3785,
      0.0817,
      0.2082,
      0.1454,
      -0.3708,
      -0.0833,
      0.0824,
      -0.2274,
      -0.2627,
      1.0,
      0.1114,
      -0.4112,
      -0.1526,
      -0.1902,
      -0.0394
    ],
    [
      0.6403,
      -0.5636,
      -0.5469,
      0.105,
      -0.4336,
      -0.215,
      0.4961,
      -0.1505,
      -0.5452,
      -0.33,
      -0.3499,
      -0.2639,
      0.1094,
      -0.5854,
      0.5012,
      0.0921,
      -0.2995,
      0.1114,
      1.0,
      0.5128,
      0.8378,
      0.4176,
      0.1862
    ],
    [
      -0.2401,
      -0.3341,
      -0.5001,
      -0.1015,
      -0.399,
      -0.4929,
      0.0024,
      0.3047,
      -0.2826,
      -0.0071,
      -0.3482,
      0.0265,
      0.0259,
      -0.1262,
      -0.1416,
      -0.0129,
      0.1474,
      -0.4112,
      0.5128,
      1.0,
      0.5429,
      0.49,
      0.4922
    ],
    [
      0.4119,
      -0.6522,
      -0.3963,
      -0.0288,
      -0.4483,
      -0.3789,
      0.1343,
      -0.0012,
      -0.3157,
      -0.2925,
      -0.0926,
      -0.2238,
      -0.0141,
      -0.4804,
      0.3137,
      0.0342,
      -0.1688,
      -0.1526,
      0.8378,
      0.5429,
      1.0,
      0.585,
      0.4145
    ],
    [
      0.0706,
      -0.84,
      -0.3426,
      -0.2929,
      -0.4679,
      -0.4891,
      -0.1318,
      0.4854,
      0.1122,
      -0.3194,
      -0.308,
      -0.301,
      -0.4852,
      -0.2469,
      -0.4056,
      -0.165,
      0.3386,
      -0.1902,
      0.4176,
      0.49,
      0.585,
      1.0,
      0.7675
    ],
    [
      -0.3645,
      -0.6552,
      -0.5759,
      -0.579,
      -0.4714,
      -0.7104,
      -0.6213,
      0.863,
      0.2898,
      0.2011,
      0.1103,
      0.174,
      -0.5808,
      0.1875,
      -0.6401,
      -0.4046,
      0.3436,
      -0.0394,
      0.1862,
      0.4922,
      0.4145,
      0.7675,
      1.0
    ]
  ],
  "euclidean_distance": [
    [
      0.0,
      4.1442,
      3.9124,
      2.9286,
      4.5281,
      2.985,
      2.1098,
      4.5785,
      3.8691,
      4.0265,
      3.2024,
      3.7563,
      3.6067,
      3.5978,
      1.7928,
      2.8933,
      7.4975,
      3.521,
      1.8902,
      3.3266,
      2.4836,
      3.3469,
      5.6301
    ],
    [
      4.1442,
      0.0,
      2.5496,
      3.5028,
      3.9542,
      1.9228,
      3.7584,
      4.5975,
      3.8075,
      2.4206,
      2.5662,
      2.4737,
      2.2223,
      2.1755,
      2.9051,
      3.3155,
      7.2555,
      5.063,
      3.9119,
      3.5943,
      4.2945,
      4.8712,
      6.2884
    ],
    [
      3.9124,
      2.5496,
      0.0,
      2.9932,
      3.514,
      2.0195,
      3.5716,
      5.0364,
      3.8988,
      3.8608,
      3.2148,
      3.8388,
      3.2673,
      3.0794,
      3.0333,
      2.7883,
      6.9922,
      5.824,
      4.1051,
      4.0112,
      4.1549,
      4.3546,
      6.3374
    ],
    [
      2.9286,
      3.5028,
      2.9932,
      0.0,
      2.3017,
      3.1773,
      2.1337,
      4.8181,
      4.2558,
      4.4096,
      3.7372,
      4.2882,
      3.8889,
      3.7751,
      1.8606,
      0.7507,
      7.3325,
      4.8521,
      2.9952,
      3.2726,
      3.3905,
      4.0711,
      6.1391
    ],
    [
      4.5281,
      3.9542,
      3.514,
      2.3017,
      0.0,
      4.3127,
      4.2045,
      5.1203,
      4.2275,
      4.9977,
      4.3153,
      4.9486,
      5.327,
      4.3804,
      3.5663,
      2.4491,
      7.6314,
      5.0659,
      4.7447,
      4.6654,
      4.9985,
      5.3076,
      6.821
    ],
    [
      2.985,
      1.9228,
      2.0195,
      3.1773,
      4.3127,
      0.0,
      2.6759,
      4.7563,
      3.9251,
      2.9596,
      2.683,
      2.9209,
      1.9119,
      2.425,
      2.303,
      3.0025,
      7.1775,
      4.8847,
      3.1909,
      3.4922,
      3.6473,
      4.0999,
      6.0975
    ],
    [
      2.1098,
      3.7584,
      3.5716,
      2.1337,
      4.2045,
      2.6759,
      0.0,
      5.2907,
      4.8421,
      4.477,
      4.0493,
      4.3073,
      3.1575,
      3.9538,
      1.8876,
      2.3287,
      7.5718,
      4.832,
      2.4824,
      3.3161,
      3.2884,
      3.9862,
      6.4075
    ],
    [
      4.5785,
      4.5975,
      5.0364,
      4.8181,
      5.1203,
      4.7563,
      5.2907,
      0.0,
      2.346,
      2.8348,
      2.8734,
      2.8002,
      5.2862,
      2.6275,
      4.2984,
      4.2063,
      5.7588,
      4.1889,
      3.5431,
      2.8119,
      3.5058,
      2.6864,
      2.3237
    ],
    [
      3.8691,
      3.8075,
      3.8988,
      4.2558,
      4.2275,
      3.9251,
      4.8421,
      2.346,
      0.0,
      2.8293,
      2.1425,
      2.6058,
      4.7363,
      2.3394,
      3.7673,
      3.8366,
      6.0497,
      3.669,
      3.7113,
      3.3586,
      3.6745,
      3.2542,
      4.245
    ],
    [
      4.0265,
      2.4206,
      3.8608,
      4.4096,
      4.9977,
      2.9596,
      4.477,
      2.8348,
      2.8293,
      0.0,
      1.4069,
      0.4685,
      3.0439,
      0.9648,
      3.2581,
      3.9295,
      6.6287,
      4.225,
      3.2108,
      2.7706,
      3.4133,
      3.7452,
      4.3651
    ],
    [
      3.2024,
      2.5662,
      3.2148,
      3.7372,
      4.3153,
      2.683,
      4.0493,
      2.8734,
      2.1425,
      1.4069,
      0.0,
      1.2254,
      3.1082,
      1.1775,
      2.5494,
      3.2724,
      6.6601,
      3.8136,
      2.7459,
      2.7063,
      2.7273,
      3.2906,
      4.3683
    ],
    [
      3.7563,
      2.4737,
      3.8388,
      4.2882,
      4.9486,
      2.9209,
      4.3073,
      2.8002,
      2.6058,
      0.4685,
      1.2254,
      0.0,
      2.9466,
      0.9908,
      3.0819,
      3.8346,
      6.5925,
      4.0352,
      2.9859,
      2.5923,
      3.1849,
      3.5847,
      4.3687
    ],
    [
      3.6067,
      2.2223,
      3.2673,
      3.8889,
      5.327,
      1.9119,
      3.1575,
      5.2862,
      4.7363,
      3.0439,
      3.1082,
      2.9466,
      0.0,
      2.9501,
      2.6626,
      3.7432,
      7.6729,
      5.6177,
      3.2679,
      3.3772,
      3.6383,
      4.6619,
      6.426
    ],
    [
      3.5978,
      2.1755,
      3.0794,
      3.7751,
      4.3804,
      2.425,
      3.9538,
      2.6275,
      2.3394,
      0.9648,
      1.1775,
      0.9908,
      2.9501,
      0.0,
      2.8452,
      3.2618,
      6.2305,
      4.2076,
      2.9056,
      2.4192,
      3.0935,
      3.1666,
      4.2371
    ],
    [
      1.7928,
      2.9051,
      3.0333,
      1.8606,
      3.5663,
      2.303,
      1.8876,
      4.2984,
      3.7673,
      3.2581,
      2.5494,
      3.0819,
      2.6626,
      2.8452,
      0.0,
      1.7291,
      7.3532,
      4.0597,
      1.7535,
      2.6174,
      2.2629,
      3.5317,
      5.5194
    ],
    [
      2.8933,
      3.3155,
      2.7883,
      0.7507,
      2.4491,
      3.0025,
      2.3287,
      4.2063,
      3.8366,
      3.9295,
      3.2724,
      3.8346,
      3.7432,
      3.2618,
      1.7291,
      0.0,
      6.9275,
      4.755,
      2.6236,
      2.7402,
      2.9163,
      3.4855,
      5.4506
    ],
    [
      7.4975,
      7.2555,
      6.9922,
      7.3325,
      7.6314,
      7.1775,
      7.5718,
      5.7588,
      6.0497,
      6.6287,
      6.6601,
      6.5925,
      7.6729,
      6.2305,
      7.3532,
      6.9275,
      0.0,
      8.025,
      6.875,
      6.1145,
      6.8035,
      5.7746,
      6.1409
    ],
    [
      3.521,
      5.063,
      5.824,
      4.8521,
      5.0659,
      4.8847,
      4.832,
      4.1889,
      3.669,
      4.225,
      3.8136,
      4.0352,
      5.6177,
      4.2076,
      4.0597,
      4.755,
      8.025,
      0.0,
      4.0366,
      4.8115,
      4.6379,
      4.9276,
      5.8341
    ],
    [
      1.8902,
      3.9119,
      4.1051,
      2.9952,
      4.7447,
      3.1909,
      2.4824,
      3.5431,
      3.7113,
      3.2108,
      2.7459,
      2.9859,
      3.2679,
      2.9056,
      1.7535,
      2.6236,
      6.875,
      4.0366,
      0.0,
      1.7463,
      1.1508,
      2.3667,
      4.3023
    ],
    [
      3.3266,
      3.5943,
      4.0112,
      3.2726,
      4.6654,
      3.4922,
      3.3161,
      2.8119,
      3.3586,
      2.7706,
      2.7063,
      2.5923,
      3.3772,
      2.4192,
      2.6174,
      2.7402,
      6.1145,
      4.8115,
      1.7463,
      0.0,
      1.8693,
      2.2163,
      3.7243
    ],
    [
      2.4836,
      4.2945,
      4.1549,
      3.3905,
      4.9985,
      3.6473,
      3.2884,
      3.5058,
      3.6745,
      3.4133,
      2.7273,
      3.1849,
      3.6383,
      3.0935,
      2.2629,
      2.9163,
      6.8035,
      4.6379,
      1.1508,
      1.8693,
      0.0,
      2.1077,
      3.8914
    ],
    [
      3.3469,
      4.8712,
      4.3546,
      4.0711,
      5.3076,
      4.0999,
      3.9862,
      2.6864,
      3.2542,
      3.7452,
      3.2906,
      3.5847,
      4.6619,
      3.1666,
      3.5317,
      3.4855,
      5.7746,
      4.9276,
      2.3667,
      2.2163,
      2.1077,
      0.0,
      2.846
    ],
    [
      5.6301,
      6.2884,
      6.3374,
      6.1391,
      6.821,
      6.0975,
      6.4075,
      2.3237,
      4.245,
      4.3651,
      4.3683,
      4.3687,
      6.426,
      4.2371,
      5.5194,
      5.4506,
      6.1409,
      5.8341,
      4.3023,
      3.7243,
      3.8914,
      2.846,
      0.0
    ]
  ],
  "linkage": [
    [
      9.0,
      11.0,
      0.468484,
      2.0
    ],
    [
      3.0,
      15.0,
      0.750735,
      2.0
    ],
    [
      13.0,
      23.0,
      1.096328,
      3.0
    ],
    [
      18.0,
      20.0,
      1.150761,
      2.0
    ],
    [
      10.0,
      25.0,
      1.441632,
      4.0
    ],
    [
      0.0,
      14.0,
      1.792784,
      2.0
    ],
    [
      5.0,
      12.0,
      1.91185,
      2.0
    ],
    [
      19.0,
      26.0,
      1.980157,
      3.0
    ],
    [
      6.0,
      28.0,
      2.066769,
      3.0
    ],
    [
      1.0,
      29.0,
      2.130436,
      3.0
    ],
    [
      7.0,
      22.0,
      2.323688,
      2.0
    ],
    [
      21.0,
      30.0,
      2.483252,
      4.0
    ],
    [
      4.0,
      24.0,
      2.709755,
      3.0
    ],
    [
      2.0,
      32.0,
      2.928922,
      4.0
    ],
    [
      8.0,
      27.0,
      3.040289,
      5.0
    ],
    [
      31.0,
      34.0,
      4.51352,
      7.0
    ],
    [
      17.0,
      37.0,
      4.948749,
      6.0
    ],
    [
      33.0,
      39.0,
      5.654374,
      8.0
    ],
    [
      35.0,
      36.0,
      5.909555,
      7.0
    ],
    [
      38.0,
      41.0,
      6.502815,
      14.0
    ],
    [
      16.0,
      40.0,
      8.234709,
      9.0
    ],
    [
      42.0,
      43.0,
      9.188433,
      23.0
    ]
  ],
  "cluster_ids": {
    "JENA31": 1,
    "JENA31DW1": 2,
    "BIALA19": 2,
    "BIALA20": 2,
    "BIALA21": 2,
    "FROSTILLICUS2": 2,
    "GRANCHIO4": 1,
    "HOBBES5": 3,
    "HOBBES6": 3,
    "MCKINLAY20": 3,
    "MCKINLAY21": 3,
    "MCKINLAY22": 3,
    "MCKINLAY23": 2,
    "MCKINLAY24": 3,
    "STIMPEE6": 1,
    "STIMPEE7": 2,
    "TERINGIE6": 4,
    "MCKINLAY10": 3,
    "MCKINLAY11": 1,
    "MCKINLAY12": 1,
    "MCKINLAY13": 1,
    "MCKINLAY14": 1,
    "MCKINLAY15": 3
  }
}