{
  "aliases": [
    "JENA31",
    "JENA31DW1",
    "BIALA19",
    "BIALA20",
    "BIALA21",
    "FROSTILLICUS2",
    "GRANCHIO4",
    "HOBBES5",
    "HOBBES6",
    "MCKINLAY20",
    "MCKINLAY21",
    "MCKINLAY22",
    "MCKINLAY23",
    "MCKINLAY24",
    "STIMPEE6",
    "STIMPEE7",
    "TERINGIE6",
    "MCKINLAY10",
    "MCKINLAY11",
    "MCKINLAY12",
    "MCKINLAY13",
    "MCKINLAY14",
    "MCKINLAY15"
  ],
  "features": [
    "mean_pct_ss",
    "mean_grain_ordinal",
    "mean_avg_GR",
    "mean_RES_DEEP",
    "pay_pct",
    "mean_WRCI",
    "pct_high_risk",
    "pct_zoi"
  ],
  "feature_means": [
    91.98936986683667,
    1.3842326108437863,
    89.15922361799771,
    32.24940923073952,
    61.90422165581881,
    26.55362066174828,
    0.027344818156959255,
    1.935958143933055
  ],
  "feature_stds": [
    7.37681632475926,
    1.5084785725683594,
    6.965151658414671,
    7.645068037850418,
    17.08556777036527,
    5.786734356475392,
    0.12825856603290756,
    2.618140408356986
  ],
  "cosine_similarity": [
    [
      1.0,
      -0.3245,
      -0.1597,
      0.1671,
      -0.1507,
      0.1907,
      0.6917,
      -0.514,
      -0.2765,
      -0.5323,
      -0.2383,
      -0.395,
      0.1129,
      -0.647,
      0.7483,
      0.1926,
      -0.4015,
      0.4488,
      0.6558,
      -0.1214,
      0.4347,
      0.1411,
      -0.3661
    ],
    [
      -0.3245,
      1.0,
      0.4579,
      0.0256,
      0.1881,
      0.6897,
      0.0527,
      -0.4705,
      -0.1635,
      0.5668,
      0.3396,
      0.5386,
      0.73,
      0.6584,
      0.1526,
      -0.0352,
      -0.2713,
      -0.1927,
      -0.4421,
      -0.2125,
      -0.5334,
      -0.8309,
      -0.666
    ],
    [
      -0.1597,
      0.4579,
      1.0,
      0.5522,
      0.5028,
      0.7002,
      0.0916,
      -0.3831,
      0.0357,
      -0.1502,
      -0.0434,
      -0.2286,
      0.385,
      0.2007,
      -0.1391,
      0.2539,
      -0.1273,
      -0.4852,
      -0.5627,
      -0.5542,
      -0.5008,
      -0.4489,
      -0.4428
    ],
    [
      0.1671,
      0.0256,
      0.5522,
      1.0,
      0.8336,
      0.1885,
      0.4726,
      -0.4211,
      -0.1706,
      -0.6946,
      -0.605,
      -0.6975,
      -0.0175,
      -0.4521,
      0.2155,
      0.8745,
      -0.2251,
      -0.1556,
      -0.0461,
      -0.1515,
      -0.1946,
      -0.3286,
      -0.4692
    ],
    [
      -0.1507,
      0.1881,
      0.5028,
      0.8336,
      1.0,
      0.0659,
      0.0757,
      -0.1001,
      0.2428,
      -0.3539,
      -0.312,
      -0.3901,
      -0.2422,
      -0.094,
      -0.1461,
      0.6129,
      -0.1389,
      0.1063,
      -0.4556,
      -0.387,
      -0.5838,
      -0.5516,
      -0.3852
    ],
    [
      0.1907,
      0.6897,
      0.7002,
      0.1885,
      0.0659,
      1.0,
      0.4495,
      -0.6966,
      -0.366,
      0.0863,
      0.053,
      0.0413,
      0.7718,
      0.2459,
      0.3745,
      0.0979,
      -0.3347,
      -0.2487,
      -0.2222,
      -0.4852,
      -0.3604,
      -0.5143,
      -0.6981
    ],
    [
      0.6917,
      0.0527,
      0.0916,
      0.4726,
      0.0757,
      0.4495,
      1.0,
      -0.7138,
      -0.7191,
      -0.6007,
      -0.6712,
      -0.5518,
      0.4204,
      -0.6455,
      0.8398,
      0.671,
      -0.3162,
      -0.02,
      0.5241,
      0.1051,
      0.176,
      -0.0607,
      -0.591
    ],
    [
      -0.514,
      -0.4705,
      -0.3831,
      -0.4211,
      -0.1001,
      -0.6966,
      -0.7138,
      1.0,
      0.6297,
      0.2042,
      0.1379,
      0.1153,
      -0.775,
      0.1658,
      -0.8118,
      -0.4002,
      0.4224,
      0.1439,
      -0.3272,
      0.063,
      -0.1344,
      0.5206,
      0.8713
    ],
    [
      -0.2765,
      -0.1635,
      0.0357,
      -0.1706,
      0.2428,
      -0.366,
      -0.7191,
      0.6297,
      1.0,
      0.2053,
      0.4723,
      0.2234,
      -0.5525,
      0.2836,
      -0.7132,
      -0.5075,
      0.1338,
      0.3847,
      -0.5975,
      -0.4582,
      -0.3915,
      -0.0343,
      0.3175
    ],
    [
      -0.5323,
      0.5668,
      -0.1502,
      -0.6946,
      -0.3539,
      0.0863,
      -0.6007,
      0.2042,
      0.2053,
      1.0,
      0.8272,
      0.9705,
      0.2664,
      0.9246,
      -0.2615,
      -0.6936,
      -0.0811,
      0.0469,
      -0.3243,
      0.0061,
      -0.1887,
      -0.3113,
      0.092
    ],
    [
      -0.2383,
      0.3396,
      -0.0434,
      -0.605,
      -0.312,
      0.053,
      -0.6712,
      0.1379,
      0.4723,
      0.8272,
      1.0,
      0.8742,
      0.1614,
      0.7999,
      -0.2511,
      -0.8146,
      -0.2208,
      0.2173,
      -0.259,
      -0.2244,
      -0.0257,
      -0.269,
      0.0639
    ],
    [
      -0.395,
      0.5386,
      -0.2286,
      -0.6975,
      -0.3901,
      0.0413,
      -0.5518,
      0.1153,
      0.2234,
      0.9705,
      0.8742,
      1.0,
      0.3105,
      0.8505,
      -0.1368,
      -0.7156,
      -0.1564,
      0.1309,
      -0.2021,
      0.0627,
      -0.0677,
      -0.3359,
      0.0096
    ],
    [
      0.1129,
      0.73,
      0.385,
      -0.0175,
      -0.2422,
      0.7718,
      0.4204,
      -0.775,
      -0.5525,
      0.2664,
      0.1614,
      0.3105,
      1.0,
      0.2707,
      0.5557,
      0.0223,
      -0.3327,
      -0.4382,
      0.0989,
      0.0835,
      0.0448,
      -0.4479,
      -0.6646
    ],
    [
      -0.647,
      0.6584,
      0.2007,
      -0.4521,
      -0.094,
      0.2459,
      -0.6455,
      0.1658,
      0.2836,
      0.9246,
      0.7999,
      0.8505,
      0.2707,
      1.0,
      -0.4029,
      -0.5707,
      -0.1185,
      -0.0987,
      -0.5596,
      -0.2061,
      -0.386,
      -0.4397,
      0.0226
    ],
    [
      0.7483,
      0.1526,
      -0.1391,
      0.2155,
      -0.1461,
      0.3745,
      0.8398,
      -0.8118,
      -0.7132,
      -0.2615,
      -0.2511,
      -0.1368,
      0.5557,
      -0.4029,
      1.0,
      0.4073,
      -0.545,
      0.1485,
      0.7323,
      0.2458,
      0.4434,
      -0.1732,
      -0.6328
    ],
    [
      0.1926,
      -0.0352,
      0.2539,
      0.8745,
      0.6129,
      0.0979,
      0.671,
      -0.4002,
      -0.5075,
      -0.6936,
      -0.8146,
      -0.7156,
      0.0223,
      -0.5707,
      0.4073,
      1.0,
      -0.219,
      -0.208,
      0.2418,
      0.204,
      -0.0026,
      -0.1226,
      -0.3565
    ],
    [
      -0.4015,
      -0.2713,
      -0.1273,
      -0.2251,
      -0.1389,
      -0.3347,
      -0.3162,
      0.4224,
      0.1338,
      -0.0811,
      -0.2208,
      -0.1564,
      -0.3327,
      -0.1185,
      -0.545,
      -0.219,
      1.0,
      -0.2385,
      -0.3024,
      0.0179,
      -0.1788,
      0.2728,
      0.4036
    ],
    [
      0.4488,
      -0.1927,
      -0.4852,
      -0.1556,
      0.1063,
      -0.2487,
      -0.02,
      0.1439,
      0.3847,
      0.0469,
      0.2173,
      0.1309,
      -0.4382,
      -0.0987,
      0.1485,
      -0.208,
      -0.2385,
      1.0,
      0.1123,
      -0.3499,
      -0.0937,
      -0.1355,
      -0.0831
    ],
    [
      0.6558,
      -0.4421,
      -0.5627,
      -0.0461,
      -0.4556,
      -0.2222,
      0.5241,
      -0.3272,
      -0.5975,
      -0.3243,
      -0.259,
      -0.2021,
      0.0989,
      -0.5596,
      0.7323,
      0.2418,
      -0.3024,
      0.1123,
      1.0,
      0.6162,
      0.8921,
      0.4412,
      0.0286
    ],
    [
      -0.1214,
      -0.2125,
      -0.5542,
      -0.1515,
      -0.387,
      -0.4852,
      0.1051,
      0.063,
      -0.4582,
      0.0061,
      -0.2244,
      0.0627,
      0.0835,
      -0.2061,
      0.2458,
      0.204,
      0.0179,
      -0.3499,
      0.6162,
      1.0,
      0.6691,
      0.4112,
      0.3052
    ],
    [
      0.4347,
      -0.5334,
      -0.5008,
      -0.1946,
      -0.5838,
      -0.3604,
      0.176,
      -0.1344,
      -0.3915,
      -0.1887,
      -0.0257,
      -0.0677,
      0.0448,
      -0.386,
      0.4434,
      -0.0026,
      -0.1788,
      -0.0937,
      0.8921,
      0.6691,
      1.0,
      0.5844,
      0.2844
    ],
    [
      0.1411,
      -0.8309,
      -0.4489,
      -0.3286,
      -0.5516,
      -0.5143,
      -0.0607,
      0.5206,
      -0.0343,
      -0.3113,
      -0.269,
      -0.3359,
      -0.4479,
      -0.4397,
      -0.1732,
      -0.1226,
      0.2728,
      -0.1355,
      0.4412,
      0.4112,
      0.5844,
      1.0,
      0.8061
    ],
    [
      -0.3661,
      -0.666,
      -0.4428,
      -0.4692,
      -0.3852,
      -0.6981,
      -0.591,
      0.8713,
      0.3175,
      0.092,
      0.0639,
      0.0096,
      -0.6646,
      0.0226,
      -0.6328,
      -0.3565,
      0.4036,
      -0.0831,
      0.0286,
      0.3052,
      0.2844,
      0.8061,
      1.0
    ]
  ],
  "euclidean_distance": [
    [
      0.0,
      4.1536,
      4.2519,
      3.5218,
      4.608,
      3.0216,
      2.1116,
      4.8406,
      3.8963,
      3.9292,
      3.2056,
      3.6462,
      3.5273,
      3.522,
      1.6544,
      2.6807,
      7.1448,
      3.4602,
      1.8782,
      3.2336,
      2.5243,
      3.2039,
      5.8289
    ],
    [
      4.1536,
      0.0,
      3.0183,
      3.9272,
      4.0077,
      1.9727,
      3.7833,
      4.9314,
      3.8698,
      2.2441,
      2.5761,
      2.2796,
      2.0177,
      2.0229,
      2.8539,
      3.1685,
      6.9955,
      5.0134,
      3.8947,
      3.5227,
      4.3233,
      4.863,
      6.533
    ],
    [
      4.2519,
      3.0183,
      0.0,
      2.8749,
      3.3379,
      2.2179,
      4.0128,
      5.1552,
      3.867,
      3.953,
      3.5313,
      3.9881,
      3.2949,
      3.1357,
      3.6519,
      3.1217,
      6.9138,
      5.9383,
      4.4705,
      4.3876,
      4.685,
      4.7254,
      6.4664
    ],
    [
      3.5218,
      3.9272,
      2.8749,
      0.0,
      1.9594,
      3.3912,
      2.9877,
      5.1138,
      4.1397,
      4.6146,
      4.1039,
      4.5011,
      4.1341,
      3.809,
      3.0367,
      1.7234,
      7.0825,
      5.1552,
      3.6072,
      3.7151,
      4.0843,
      4.415,
      6.4172
    ],
    [
      4.608,
      4.0077,
      3.3379,
      1.9594,
      0.0,
      4.0943,
      4.3762,
      4.9371,
      3.7788,
      4.6681,
      4.2967,
      4.6287,
      5.0421,
      3.9322,
      4.0702,
      2.8516,
      7.2039,
      4.8996,
      4.7384,
      4.5766,
      5.2227,
      5.2952,
      6.6868
    ],
    [
      3.0216,
      1.9727,
      2.2179,
      3.3912,
      4.0943,
      0.0,
      2.736,
      4.973,
      3.8965,
      2.9262,
      2.702,
      2.9131,
      1.8002,
      2.3718,
      2.2324,
      2.6893,
      6.9096,
      4.8812,
      3.2977,
      3.5579,
      3.7751,
      4.1129,
      6.2817
    ],
    [
      2.1116,
      3.7833,
      4.0128,
      2.9877,
      4.3762,
      2.736,
      0.0,
      5.5017,
      4.8866,
      4.3753,
      4.0593,
      4.2004,
      3.0529,
      3.8949,
      1.7612,
      2.1257,
      7.2199,
      4.7746,
      2.4603,
      3.2164,
      3.3214,
      3.8554,
      6.5604
    ],
    [
      4.8406,
      4.9314,
      5.1552,
      5.1138,
      4.9371,
      4.973,
      5.5017,
      0.0,
      2.4519,
      3.3378,
      3.2695,
      3.4398,
      5.5803,
      3.1791,
      4.4424,
      4.0501,
      5.2939,
      4.5272,
      4.1411,
      3.4959,
      4.089,
      2.7692,
      2.3298
    ],
    [
      3.8963,
      3.8698,
      3.867,
      4.1397,
      3.7788,
      3.8965,
      4.8866,
      2.4519,
      0.0,
      2.8221,
      2.175,
      2.7223,
      4.6276,
      2.4286,
      3.6856,
      3.5561,
      5.9758,
      3.6192,
      3.8845,
      3.6427,
      3.9279,
      3.4928,
      4.3508
    ],
    [
      3.9292,
      2.2441,
      3.953,
      4.6146,
      4.6681,
      2.9262,
      4.3753,
      3.3378,
      2.8221,
      0.0,
      1.146,
      0.4943,
      3.0073,
      0.9094,
      2.8519,
      3.3878,
      6.2945,
      4.203,
      3.2106,
      2.7223,
      3.3299,
      3.6215,
      4.7303
    ],
    [
      3.2056,
      2.5761,
      3.5313,
      4.1039,
      4.2967,
      2.702,
      4.0593,
      3.2695,
      2.175,
      1.146,
      0.0,
      0.9257,
      2.9983,
      0.947,
      2.4533,
      3.0559,
      6.326,
      3.7604,
      2.7655,
      2.6551,
      2.7994,
      3.2244,
      4.6333
    ],
    [
      3.6462,
      2.2796,
      3.9881,
      4.5011,
      4.6287,
      2.9131,
      4.2004,
      3.4398,
      2.7223,
      0.4943,
      0.9257,
      0.0,
      2.8724,
      1.0203,
      2.6032,
      3.2851,
      6.3743,
      3.9987,
      2.9555,
      2.5499,
      3.0669,
      3.5527,
      4.8332
    ],
    [
      3.5273,
      2.0177,
      3.2949,
      4.1341,
      5.0421,
      1.8002,
      3.0529,
      5.5803,
      4.6276,
      3.0073,
      2.9983,
      2.8724,
      0.0,
      2.7922,
      2.3492,
      3.2398,
      7.2445,
      5.6221,
      3.2534,
      3.2346,
      3.5537,
      4.4801,
      6.6841
    ],
    [
      3.522,
      2.0229,
      3.1357,
      3.809,
      3.9322,
      2.3718,
      3.8949,
      3.1791,
      2.4286,
      0.9094,
      0.947,
      1.0203,
      2.7922,
      0.0,
      2.4628,
      2.7013,
      6.1208,
      4.1543,
      2.9349,
      2.5183,
      3.1041,
      3.2958,
      4.647
    ],
    [
      1.6544,
      2.8539,
      3.6519,
      3.0367,
      4.0702,
      2.2324,
      1.7612,
      4.4424,
      3.6856,
      2.8519,
      2.4533,
      2.6032,
      2.3492,
      2.4628,
      0.0,
      1.7406,
      6.7627,
      3.8628,
      1.3125,
      2.0826,
      2.1162,
      3.1001,
      5.5705
    ],
    [
      2.6807,
      3.1685,
      3.1217,
      1.7234,
      2.8516,
      2.6893,
      2.1257,
      4.0501,
      3.5561,
      3.3878,
      3.0559,
      3.2851,
      3.2398,
      2.7013,
      1.7406,
      0.0,
      6.3647,
      4.4255,
      2.2057,
      2.1985,
      2.8224,
      3.1037,
      5.2821
    ],
    [
      7.1448,
      6.9955,
      6.9138,
      7.0825,
      7.2039,
      6.9096,
      7.2199,
      5.2939,
      5.9758,
      6.2945,
      6.326,
      6.3743,
      7.2445,
      6.1208,
      6.7627,
      6.3647,
      0.0,
      7.6364,
      6.6326,
      6.0468,
      6.6002,
      5.6415,
      5.713
    ],
    [
      3.4602,
      5.0134,
      5.9383,
      5.1552,
      4.8996,
      4.8812,
      4.7746,
      4.5272,
      3.6192,
      4.203,
      3.7604,
      3.9987,
      5.6221,
      4.1543,
      3.8628,
      4.4255,
      7.6364,
      0.0,
      4.0394,
      4.7377,
      4.595,
      4.7633,
      6.0829
    ],
    [
      1.8782,
      3.8947,
      4.4705,
      3.6072,
      4.7384,
      3.2977,
      2.4603,
      4.1411,
      3.8845,
      3.2106,
      2.7655,
      2.9555,
      3.2534,
      2.9349,
      1.3125,
      2.2057,
      6.6326,
      4.0394,
      0.0,
      1.6424,
      1.0402,
      2.3416,
      4.8074
    ],
    [
      3.2336,
      3.5227,
      4.3876,
      3.7151,
      4.5766,
      3.5579,
      3.2164,
      3.4959,
      3.6427,
      2.7223,
      2.6551,
      2.5499,
      3.2346,
      2.5183,
      2.0826,
      2.1985,
      6.0468,
      4.7377,
      1.6424,
      0.0,
      1.7247,
      2.3684,
      4.2765
    ],
    [
      2.5243,
      4.3233,
      4.685,
      4.0843,
      5.2227,
      3.7751,
      3.3214,
      4.089,
      3.9279,
      3.3299,
      2.7994,
      3.0669,
      3.5537,
      3.1041,
      2.1162,
      2.8224,
      6.6002,
      4.595,
      1.0402,
      1.7247,
      0.0,
      2.1558,
      4.3988
    ],
    [
      3.2039,
      4.863,
      4.7254,
      4.415,
      5.2952,
      4.1129,
      3.8554,
      2.7692,
      3.4928,
      3.6215,
      3.2244,
      3.5527,
      4.4801,
      3.2958,
      3.1001,
      3.1037,
      5.6415,
      4.7633,
      2.3416,
      2.3684,
      2.1558,
      0.0,
      2.8867
    ],
    [
      5.8289,
      6.533,
      6.4664,
      6.4172,
      6.6868,
      6.2817,
      6.5604,
      2.3298,
      4.3508,
      4.7303,
      4.6333,
      4.8332,
      6.6841,
      4.647,
      5.5705,
      5.2821,
      5.713,
      6.0829,
      4.8074,
      4.2765,
      4.3988,
      2.8867,
      0.0
    ]
  ],
  "linkage": [
    [
      9.0,
      11.0,
      0.494331,
      2.0
    ],
    [
      10.0,
      13.0,
      0.947019,
      2.0
    ],
    [
      18.0,
      20.0,
      1.040158,
      2.0
    ],
    [
      23.0,
      24.0,
      1.203526,
      4.0
    ],
    [
      0.0,
      14.0,
      1.654412,
      2.0
    ],
    [
      3.0,
      15.0,
      1.723372,
      2.0
    ],
    [
      5.0,
      12.0,
      1.800177,
      2.0
    ],
    [
      19.0,
      25.0,
      1.849529,
      3.0
    ],
    [
      6.0,
      27.0,
      2.031756,
      3.0
    ],
    [
      1.0,
      29.0,
      2.056313,
      3.0
    ],
    [
      7.0,
      22.0,
      2.329839,
      2.0
    ],
    [
      21.0,
      30.0,
      2.596964,
      4.0
    ],
    [
      4.0,
      28.0,
      2.643984,
      3.0
    ],
    [
      8.0,
      26.0,
      3.143845,
      5.0
    ],
    [
      2.0,
      32.0,
      3.251999,
      4.0
    ],
    [
      31.0,
      34.0,
      4.224539,
      7.0
    ],
    [
      17.0,
      36.0,
      4.89611,
      6.0
    ],
    [
      35.0,
      37.0,
      5.661734,
      7.0
    ],
    [
      16.0,
      33.0,
      6.215581,
      3.0
    ],
    [
      38.0,
      39.0,
      6.792125,
      13.0
    ],
    [
      40.0,
      42.0,
      7.129806,
      20.0
    ],
    [
      41.0,
      43.0,
      9.72146,
      23.0
    ]
  ],
  "cluster_ids": {
    "JENA31": 3,
    "JENA31DW1": 2,
    "BIALA19": 2,
    "BIALA20": 2,
    "BIALA21": 2,
    "FROSTILLICUS2": 2,
    "GRANCHIO4": 3,
    "HOBBES5": 1,
    "HOBBES6": 4,
    "MCKINLAY20": 4,
    "MCKINLAY21": 4,
    "MCKINLAY22": 4,
    "MCKINLAY23": 2,
    "MCKINLAY24": 4,
    "STIMPEE6": 3,
    "STIMPEE7": 2,
    "TERINGIE6": 1,
    "MCKINLAY10": 4,
    "MCKINLAY11": 3,
    "MCKINLAY12": 3,
    "MCKINLAY13": 3,
    "MCKINLAY14": 3,
    "MCKINLAY15": 1
  }
}