{
  "aliases": [
    "JENA31",
    "JENA31DW1",
    "BIALA19",
    "BIALA20",
    "BIALA21",
    "FROSTILLICUS2",
    "GRANCHIO4",
    "HOBBES5",
    "HOBBES6",
    "MCKINLAY20",
    "MCKINLAY21",
    "MCKINLAY22",
    "MCKINLAY23",
    "MCKINLAY24",
    "STIMPEE6",
    "STIMPEE7",
    "TERINGIE6"
  ],
  "features": [
    "mean_pct_ss",
    "mean_grain_ordinal",
    "mean_avg_GR",
    "mean_res_sep",
    "mean_RES_DEEP",
    "pay_pct",
    "mean_WRCI",
    "pct_high_risk"
  ],
  "feature_means": [
    91.1920777317628,
    1.8727852970239462,
    86.6664680229893,
    5.614746843481917,
    32.212487531681106,
    65.43027143505837,
    29.95414465181451,
    0.0
  ],
  "feature_stds": [
    4.8759484276479625,
    1.4709431148707286,
    5.695795887731854,
    4.4369610165062765,
    8.120772181891079,
    15.527270948628502,
    3.3471809274886737,
    1.0
  ],
  "cosine_similarity": [
    [
      1.0,
      -0.6243,
      -0.3207,
      0.0829,
      -0.182,
      0.1632,
      0.5793,
      -0.1218,
      -0.1565,
      -0.4424,
      -0.185,
      -0.5885,
      -0.1105,
      -0.437,
      0.7428,
      0.4499,
      -0.5179
    ],
    [
      -0.6243,
      1.0,
      0.649,
      -0.0552,
      0.3058,
      0.4656,
      -0.2969,
      -0.5166,
      -0.1,
      0.1687,
      -0.0612,
      0.3015,
      0.37,
      0.1162,
      -0.5905,
      -0.4877,
      -0.0252
    ],
    [
      -0.3207,
      0.649,
      1.0,
      0.1826,
      -0.1309,
      0.7158,
      0.0393,
      -0.761,
      -0.4197,
      -0.312,
      -0.1997,
      -0.0244,
      0.4719,
      -0.3298,
      -0.1147,
      -0.3654,
      0.2331
    ],
    [
      0.0829,
      -0.0552,
      0.1826,
      1.0,
      0.4881,
      0.0452,
      0.7166,
      -0.4286,
      -0.5467,
      -0.8647,
      -0.8764,
      -0.7658,
      0.0145,
      -0.816,
      0.5353,
      0.6195,
      0.1629
    ],
    [
      -0.182,
      0.3058,
      -0.1309,
      0.4881,
      1.0,
      -0.253,
      0.0258,
      -0.036,
      0.1634,
      -0.2398,
      -0.3663,
      -0.1419,
      -0.499,
      -0.2985,
      -0.2113,
      0.0967,
      0.0016
    ],
    [
      0.1632,
      0.4656,
      0.7158,
      0.0452,
      -0.253,
      1.0,
      0.3932,
      -0.8343,
      -0.5935,
      -0.2862,
      -0.3065,
      -0.3314,
      0.662,
      -0.2442,
      0.229,
      -0.0672,
      -0.4557
    ],
    [
      0.5793,
      -0.2969,
      0.0393,
      0.7166,
      0.0258,
      0.3932,
      1.0,
      -0.5322,
      -0.7346,
      -0.8006,
      -0.8252,
      -0.9672,
      0.3547,
      -0.697,
      0.9081,
      0.7923,
      -0.4024
    ],
    [
      -0.1218,
      -0.5166,
      -0.761,
      -0.4286,
      -0.036,
      -0.8343,
      -0.5322,
      1.0,
      0.5884,
      0.6178,
      0.538,
      0.4713,
      -0.6114,
      0.6166,
      -0.3463,
      -0.0172,
      0.3007
    ],
    [
      -0.1565,
      -0.1,
      -0.4197,
      -0.5467,
      0.1634,
      -0.5935,
      -0.7346,
      0.5884,
      1.0,
      0.5384,
      0.8198,
      0.755,
      -0.6164,
      0.4214,
      -0.503,
      -0.6497,
      0.1004
    ],
    [
      -0.4424,
      0.1687,
      -0.312,
      -0.8647,
      -0.2398,
      -0.2862,
      -0.8006,
      0.6178,
      0.5384,
      1.0,
      0.7594,
      0.8285,
      -0.0569,
      0.9819,
      -0.7347,
      -0.5036,
      -0.0081
    ],
    [
      -0.185,
      -0.0612,
      -0.1997,
      -0.8764,
      -0.3663,
      -0.3065,
      -0.8252,
      0.538,
      0.8198,
      0.7594,
      1.0,
      0.8853,
      -0.2697,
      0.6783,
      -0.5487,
      -0.7722,
      0.1017
    ],
    [
      -0.5885,
      0.3015,
      -0.0244,
      -0.7658,
      -0.1419,
      -0.3314,
      -0.9672,
      0.4713,
      0.755,
      0.8285,
      0.8853,
      1.0,
      -0.1963,
      0.7379,
      -0.8394,
      -0.8456,
      0.296
    ],
    [
      -0.1105,
      0.37,
      0.4719,
      0.0145,
      -0.499,
      0.662,
      0.3547,
      -0.6114,
      -0.6164,
      -0.0569,
      -0.2697,
      -0.1963,
      1.0,
      0.0296,
      0.2438,
      0.096,
      -0.3276
    ],
    [
      -0.437,
      0.1162,
      -0.3298,
      -0.816,
      -0.2985,
      -0.2442,
      -0.697,
      0.6166,
      0.4214,
      0.9819,
      0.6783,
      0.7379,
      0.0296,
      1.0,
      -0.648,
      -0.3864,
      -0.0458
    ],
    [
      0.7428,
      -0.5905,
      -0.1147,
      0.5353,
      -0.2113,
      0.229,
      0.9081,
      -0.3463,
      -0.503,
      -0.7347,
      -0.5487,
      -0.8394,
      0.2438,
      -0.648,
      1.0,
      0.6904,
      -0.3585
    ],
    [
      0.4499,
      -0.4877,
      -0.3654,
      0.6195,
      0.0967,
      -0.0672,
      0.7923,
      -0.0172,
      -0.6497,
      -0.5036,
      -0.7722,
      -0.8456,
      0.096,
      -0.3864,
      0.6904,
      1.0,
      -0.1706
    ],
    [
      -0.5179,
      -0.0252,
      0.2331,
      0.1629,
      0.0016,
      -0.4557,
      -0.4024,
      0.3007,
      0.1004,
      -0.0081,
      0.1017,
      0.296,
      -0.3276,
      -0.0458,
      -0.3585,
      -0.1706,
      1.0
    ]
  ],
  "euclidean_distance": [
    [
      0.0,
      6.4181,
      5.9169,
      4.896,
      5.7213,
      4.6758,
      3.7488,
      6.0289,
      5.8471,
      5.767,
      5.2232,
      5.8413,
      5.5664,
      5.4563,
      3.6893,
      4.0803,
      6.9562
    ],
    [
      6.4181,
      0.0,
      2.1208,
      3.3988,
      3.0694,
      2.3546,
      4.5066,
      5.1627,
      4.0882,
      2.9376,
      3.1742,
      2.6084,
      2.9272,
      2.7934,
      3.4389,
      4.0366,
      4.2545
    ],
    [
      5.9169,
      2.1208,
      0.0,
      3.0571,
      3.9781,
      1.8039,
      3.9456,
      5.6318,
      4.7078,
      3.7504,
      3.442,
      3.1999,
      2.7224,
      3.4474,
      3.0275,
      3.9437,
      3.7492
    ],
    [
      4.896,
      3.3988,
      3.0571,
      0.0,
      2.521,
      2.8939,
      2.1579,
      4.7832,
      4.5832,
      4.081,
      3.889,
      3.7842,
      3.4636,
      3.6086,
      1.8526,
      1.9094,
      3.7233
    ],
    [
      5.7213,
      3.0694,
      3.9781,
      2.521,
      0.0,
      3.7564,
      4.063,
      4.4428,
      3.7078,
      3.7676,
      3.7886,
      3.4893,
      4.7047,
      3.5371,
      3.2639,
      3.3206,
      4.341
    ],
    [
      4.6758,
      2.3546,
      1.8039,
      2.8939,
      3.7564,
      0.0,
      2.9499,
      5.2049,
      4.4909,
      3.239,
      3.0945,
      3.1328,
      2.0474,
      2.8462,
      2.1302,
      3.0638,
      4.655
    ],
    [
      3.7488,
      4.5066,
      3.9456,
      2.1579,
      4.063,
      2.9499,
      0.0,
      5.7031,
      5.6816,
      4.8829,
      4.7169,
      4.8953,
      3.3161,
      4.3595,
      1.9692,
      1.9052,
      5.4326
    ],
    [
      6.0289,
      5.1627,
      5.6318,
      4.7832,
      4.4428,
      5.2049,
      5.7031,
      0.0,
      2.9389,
      2.6902,
      2.883,
      3.0249,
      5.5191,
      2.7407,
      4.0738,
      4.0938,
      4.0277
    ],
    [
      5.8471,
      4.0882,
      4.7078,
      4.5832,
      3.7078,
      4.4909,
      5.6816,
      2.9389,
      0.0,
      2.569,
      1.8362,
      2.0184,
      5.1494,
      2.747,
      3.8489,
      4.7344,
      4.3007
    ],
    [
      5.767,
      2.9376,
      3.7504,
      4.081,
      3.7676,
      3.239,
      4.8829,
      2.6902,
      2.569,
      0.0,
      1.3566,
      1.1524,
      3.4914,
      0.5614,
      3.1465,
      3.671,
      3.9721
    ],
    [
      5.2232,
      3.1742,
      3.442,
      3.889,
      3.7886,
      3.0945,
      4.7169,
      2.883,
      1.8362,
      1.3566,
      0.0,
      0.8785,
      3.6631,
      1.3902,
      2.7863,
      3.7868,
      3.6856
    ],
    [
      5.8413,
      2.6084,
      3.1999,
      3.7842,
      3.4893,
      3.1328,
      4.8953,
      3.0249,
      2.0184,
      1.1524,
      0.8785,
      0.0,
      3.5696,
      1.2645,
      3.0397,
      3.8744,
      3.3454
    ],
    [
      5.5664,
      2.9272,
      2.7224,
      3.4636,
      4.7047,
      2.0474,
      3.3161,
      5.5191,
      5.1494,
      3.4914,
      3.6631,
      3.5696,
      0.0,
      3.1121,
      2.7191,
      3.3248,
      4.9935
    ],
    [
      5.4563,
      2.7934,
      3.4474,
      3.6086,
      3.5371,
      2.8462,
      4.3595,
      2.7407,
      2.747,
      0.5614,
      1.3902,
      1.2645,
      3.1121,
      0.0,
      2.6558,
      3.1718,
      3.814
    ],
    [
      3.6893,
      3.4389,
      3.0275,
      1.8526,
      3.2639,
      2.1302,
      1.9692,
      4.0738,
      3.8489,
      3.1465,
      2.7863,
      3.0397,
      2.7191,
      2.6558,
      0.0,
      1.5969,
      4.0602
    ],
    [
      4.0803,
      4.0366,
      3.9437,
      1.9094,
      3.3206,
      3.0638,
      1.9052,
      4.0938,
      4.7344,
      3.671,
      3.7868,
      3.8744,
      3.3248,
      3.1718,
      1.5969,
      0.0,
      4.3409
    ],
    [
      6.9562,
      4.2545,
      3.7492,
      3.7233,
      4.341,
      4.655,
      5.4326,
      4.0277,
      4.3007,
      3.9721,
      3.6856,
      3.3454,
      4.9935,
      3.814,
      4.0602,
      4.3409,
      0.0
    ]
  ],
  "linkage": [
    [
      9.0,
      13.0,
      0.561374,
      2.0
    ],
    [
      10.0,
      11.0,
      0.878496,
      2.0
    ],
    [
      14.0,
      15.0,
      1.596851,
      2.0
    ],
    [
      17.0,
      18.0,
      1.675269,
      4.0
    ],
    [
      2.0,
      5.0,
      1.803935,
      2.0
    ],
    [
      3.0,
      19.0,
      1.966876,
      3.0
    ],
    [
      6.0,
      22.0,
      2.115948,
      4.0
    ],
    [
      1.0,
      21.0,
      2.36852,
      3.0
    ],
    [
      8.0,
      20.0,
      2.803219,
      5.0
    ],
    [
      12.0,
      24.0,
      2.805321,
      4.0
    ],
    [
      7.0,
      25.0,
      3.414236,
      6.0
    ],
    [
      4.0,
      23.0,
      3.954527,
      5.0
    ],
    [
      16.0,
      27.0,
      4.724236,
      7.0
    ],
    [
      0.0,
      28.0,
      5.408321,
      6.0
    ],
    [
      26.0,
      30.0,
      6.49347,
      10.0
    ],
    [
      29.0,
      31.0,
      8.808523,
      17.0
    ]
  ],
  "cluster_ids": {
    "JENA31": 4,
    "JENA31DW1": 2,
    "BIALA19": 2,
    "BIALA20": 3,
    "BIALA21": 3,
    "FROSTILLICUS2": 2,
    "GRANCHIO4": 3,
    "HOBBES5": 1,
    "HOBBES6": 1,
    "MCKINLAY20": 1,
    "MCKINLAY21": 1,
    "MCKINLAY22": 1,
    "MCKINLAY23": 2,
    "MCKINLAY24": 1,
    "STIMPEE6": 3,
    "STIMPEE7": 3,
    "TERINGIE6": 1
  }
}