{
  "aliases": [
    "JENA31",
    "JENA31DW1",
    "BIALA19",
    "BIALA20",
    "BIALA21",
    "FROSTILLICUS2",
    "GRANCHIO4",
    "HOBBES5",
    "HOBBES6",
    "MCKINLAY20",
    "MCKINLAY21",
    "MCKINLAY22",
    "MCKINLAY23",
    "MCKINLAY24",
    "STIMPEE6",
    "STIMPEE7",
    "TERINGIE6",
    "MCKINLAY10",
    "MCKINLAY11",
    "MCKINLAY12",
    "MCKINLAY13",
    "MCKINLAY14",
    "MCKINLAY15",
    "JENA31_DUAL"
  ],
  "features": [
    "mean_pct_ss",
    "mean_avg_GR",
    "mean_RES_DEEP",
    "pay_pct",
    "mean_WRCI",
    "fluorescence_pct",
    "total_gas",
    "RQI"
  ],
  "feature_means": [
    91.87252457542381,
    89.06882899219228,
    32.47478808531866,
    62.508333333333354,
    27.434987935343887,
    88.24153351995676,
    207.45536757035538,
    0.5736131101506924
  ],
  "feature_stds": [
    7.243206578309529,
    6.8322679901796635,
    7.561750482647799,
    16.974394850938154,
    5.295091857184447,
    10.421760430374004,
    161.58680203389918,
    0.057358943609255704
  ],
  "cosine_similarity": [
    [
      1.0,
      -0.1575,
      0.4732,
      0.5412,
      0.1114,
      0.7109,
      0.6025,
      -0.538,
      -0.3736,
      -0.4289,
      -0.3189,
      -0.4386,
      0.1548,
      -0.6421,
      0.5386,
      0.2534,
      -0.3459,
      0.3223,
      0.2314,
      -0.6505,
      -0.0882,
      -0.2327,
      -0.5766,
      0.699
    ],
    [
      -0.1575,
      1.0,
      -0.2063,
      0.202,
      0.0994,
      0.1475,
      0.1114,
      -0.3943,
      -0.3248,
      -0.0674,
      0.1073,
      0.5233,
      0.7255,
      0.367,
      0.5345,
      -0.0895,
      -0.574,
      0.084,
      0.1909,
      0.0886,
      -0.1082,
      -0.7987,
      -0.3372,
      0.5957
    ],
    [
      0.4732,
      -0.2063,
      1.0,
      0.7527,
      0.6353,
      0.7351,
      0.4336,
      -0.2319,
      -0.225,
      -0.4922,
      -0.5109,
      -0.533,
      -0.0331,
      -0.4434,
      -0.0665,
      0.6109,
      0.3823,
      -0.3297,
      -0.4162,
      -0.248,
      -0.5743,
      -0.222,
      -0.5378,
      0.2296
    ],
    [
      0.5412,
      0.202,
      0.7527,
      1.0,
      0.6436,
      0.8931,
      0.7534,
      -0.5744,
      -0.6876,
      -0.3902,
      -0.7493,
      -0.4827,
      0.288,
      -0.4218,
      0.4464,
      0.82,
      -0.1459,
      -0.0979,
      -0.1411,
      -0.2719,
      -0.5498,
      -0.5309,
      -0.7678,
      0.5897
    ],
    [
      0.1114,
      0.0994,
      0.6353,
      0.6436,
      1.0,
      0.4465,
      0.2094,
      0.0409,
      0.0459,
      -0.3615,
      -0.3337,
      -0.268,
      -0.285,
      -0.0919,
      -0.2234,
      0.485,
      0.2737,
      0.1397,
      -0.646,
      -0.458,
      -0.9359,
      -0.5127,
      -0.4186,
      0.1687
    ],
    [
      0.7109,
      0.1475,
      0.7351,
      0.8931,
      0.4465,
      1.0,
      0.8771,
      -0.798,
      -0.6073,
      -0.3245,
      -0.6758,
      -0.5323,
      0.4426,
      -0.6009,
      0.5731,
      0.7019,
      -0.2679,
      -0.0706,
      -0.0418,
      -0.3492,
      -0.3844,
      -0.452,
      -0.8561,
      0.6787
    ],
    [
      0.6025,
      0.1114,
      0.4336,
      0.7534,
      0.2094,
      0.8771,
      1.0,
      -0.859,
      -0.7028,
      -0.1859,
      -0.7981,
      -0.6796,
      0.4829,
      -0.7425,
      0.6929,
      0.7224,
      -0.3723,
      -0.1086,
      0.2245,
      -0.2008,
      -0.1069,
      -0.2007,
      -0.665,
      0.5668
    ],
    [
      -0.538,
      -0.3943,
      -0.2319,
      -0.5744,
      0.0409,
      -0.798,
      -0.859,
      1.0,
      0.695,
      0.0139,
      0.474,
      0.2585,
      -0.7975,
      0.4605,
      -0.8616,
      -0.439,
      0.6734,
      0.0436,
      -0.3472,
      0.0702,
      -0.0853,
      0.3889,
      0.7309,
      -0.7131
    ],
    [
      -0.3736,
      -0.3248,
      -0.225,
      -0.6876,
      0.0459,
      -0.6073,
      -0.7028,
      0.695,
      1.0,
      0.0914,
      0.6605,
      0.2537,
      -0.6336,
      0.2739,
      -0.7735,
      -0.6368,
      0.4948,
      0.2463,
      -0.4262,
      -0.2119,
      -0.1327,
      0.2821,
      0.5164,
      -0.5433
    ],
    [
      -0.4289,
      -0.0674,
      -0.4922,
      -0.3902,
      -0.3615,
      -0.3245,
      -0.1859,
      0.0139,
      0.0914,
      1.0,
      0.0514,
      0.3485,
      0.003,
      0.4934,
      -0.0308,
      0.0237,
      -0.1659,
      0.1696,
      -0.2663,
      0.2565,
      0.1476,
      0.2692,
      -0.0279,
      -0.4004
    ],
    [
      -0.3189,
      0.1073,
      -0.5109,
      -0.7493,
      -0.3337,
      -0.6758,
      -0.7981,
      0.474,
      0.6605,
      0.0514,
      1.0,
      0.7484,
      -0.1574,
      0.5554,
      -0.3525,
      -0.9481,
      -0.0682,
      0.2922,
      0.1011,
      0.0626,
      0.2927,
      -0.0245,
      0.5154,
      -0.1843
    ],
    [
      -0.4386,
      0.5233,
      -0.533,
      -0.4827,
      -0.268,
      -0.5323,
      -0.6796,
      0.2585,
      0.2537,
      0.3485,
      0.7484,
      1.0,
      0.1913,
      0.9019,
      -0.0389,
      -0.6341,
      -0.3116,
      0.2901,
      -0.0293,
      0.1907,
      0.1178,
      -0.3724,
      0.1361,
      0.023
    ],
    [
      0.1548,
      0.7255,
      -0.0331,
      0.288,
      -0.285,
      0.4426,
      0.4829,
      -0.7975,
      -0.6336,
      0.003,
      -0.1574,
      0.1913,
      1.0,
      -0.0432,
      0.8042,
      0.1086,
      -0.6484,
      -0.2455,
      0.4712,
      0.2813,
      0.2886,
      -0.469,
      -0.4783,
      0.6403
    ],
    [
      -0.6421,
      0.367,
      -0.4434,
      -0.4218,
      -0.0919,
      -0.6009,
      -0.7425,
      0.4605,
      0.2739,
      0.4934,
      0.5554,
      0.9019,
      -0.0432,
      1.0,
      -0.2757,
      -0.3936,
      -0.0353,
      0.1848,
      -0.319,
      0.2751,
      -0.082,
      -0.2417,
      0.1758,
      -0.2517
    ],
    [
      0.5386,
      0.5345,
      -0.0665,
      0.4464,
      -0.2234,
      0.5731,
      0.6929,
      -0.8616,
      -0.7735,
      -0.0308,
      -0.3525,
      -0.0389,
      0.8042,
      -0.2757,
      1.0,
      0.2533,
      -0.8454,
      0.1678,
      0.5711,
      -0.1209,
      0.2297,
      -0.452,
      -0.6,
      0.8245
    ],
    [
      0.2534,
      -0.0895,
      0.6109,
      0.82,
      0.485,
      0.7019,
      0.7224,
      -0.439,
      -0.6368,
      0.0237,
      -0.9481,
      -0.6341,
      0.1086,
      -0.3936,
      0.2533,
      1.0,
      0.0861,
      -0.2723,
      -0.2909,
      -0.0319,
      -0.4478,
      -0.0897,
      -0.601,
      0.1439
    ],
    [
      -0.3459,
      -0.574,
      0.3823,
      -0.1459,
      0.2737,
      -0.2679,
      -0.3723,
      0.6734,
      0.4948,
      -0.1659,
      -0.0682,
      -0.3116,
      -0.6484,
      -0.0353,
      -0.8454,
      0.0861,
      1.0,
      -0.4699,
      -0.5427,
      0.1233,
      -0.2793,
      0.4975,
      0.4126,
      -0.6989
    ],
    [
      0.3223,
      0.084,
      -0.3297,
      -0.0979,
      0.1397,
      -0.0706,
      -0.1086,
      0.0436,
      0.2463,
      0.1696,
      0.2922,
      0.2901,
      -0.2455,
      0.1848,
      0.1678,
      -0.2723,
      -0.4699,
      1.0,
      -0.1027,
      -0.7548,
      -0.26,
      -0.3431,
      -0.208,
      0.334
    ],
    [
      0.2314,
      0.1909,
      -0.4162,
      -0.1411,
      -0.646,
      -0.0418,
      0.2245,
      -0.3472,
      -0.4262,
      -0.2663,
      0.1011,
      -0.0293,
      0.4712,
      -0.319,
      0.5711,
      -0.2909,
      -0.5427,
      -0.1027,
      1.0,
      0.2772,
      0.8108,
      0.1152,
      0.2659,
      0.3279
    ],
    [
      -0.6505,
      0.0886,
      -0.248,
      -0.2719,
      -0.458,
      -0.3492,
      -0.2008,
      0.0702,
      -0.2119,
      0.2565,
      0.0626,
      0.1907,
      0.2813,
      0.2751,
      -0.1209,
      -0.0319,
      0.1233,
      -0.7548,
      0.2772,
      1.0,
      0.5508,
      0.3539,
      0.4384,
      -0.4704
    ],
    [
      -0.0882,
      -0.1082,
      -0.5743,
      -0.5498,
      -0.9359,
      -0.3844,
      -0.1069,
      -0.0853,
      -0.1327,
      0.1476,
      0.2927,
      0.1178,
      0.2886,
      -0.082,
      0.2297,
      -0.4478,
      -0.2793,
      -0.26,
      0.8108,
      0.5508,
      1.0,
      0.5259,
      0.5161,
      -0.1549
    ],
    [
      -0.2327,
      -0.7987,
      -0.222,
      -0.5309,
      -0.5127,
      -0.452,
      -0.2007,
      0.3889,
      0.2821,
      0.2692,
      -0.0245,
      -0.3724,
      -0.469,
      -0.2417,
      -0.452,
      -0.0897,
      0.4975,
      -0.3431,
      0.1152,
      0.3539,
      0.5259,
      1.0,
      0.6415,
      -0.7702
    ],
    [
      -0.5766,
      -0.3372,
      -0.5378,
      -0.7678,
      -0.4186,
      -0.8561,
      -0.665,
      0.7309,
      0.5164,
      -0.0279,
      0.5154,
      0.1361,
      -0.4783,
      0.1758,
      -0.6,
      -0.601,
      0.4126,
      -0.208,
      0.2659,
      0.4384,
      0.5161,
      0.6415,
      1.0,
      -0.7083
    ],
    [
      0.699,
      0.5957,
      0.2296,
      0.5897,
      0.1687,
      0.6787,
      0.5668,
      -0.7131,
      -0.5433,
      -0.4004,
      -0.1843,
      0.023,
      0.6403,
      -0.2517,
      0.8245,
      0.1439,
      -0.6989,
      0.334,
      0.3279,
      -0.4704,
      -0.1549,
      -0.7702,
      -0.7083,
      1.0
    ]
  ],
  "euclidean_distance": [
    [
      0.0,
      4.2603,
      2.9546,
      2.472,
      3.7738,
      1.9129,
      2.4513,
      4.9156,
      4.5902,
      6.1511,
      3.4789,
      3.7455,
      3.5888,
      3.4464,
      2.2952,
      2.8122,
      5.8918,
      3.8795,
      2.8563,
      3.845,
      3.706,
      4.2793,
      7.5061,
      1.9444
    ],
    [
      4.2603,
      0.0,
      4.5848,
      3.3678,
      3.9085,
      3.1733,
      3.7767,
      4.82,
      4.6446,
      5.4856,
      3.0947,
      2.461,
      2.1083,
      2.6825,
      2.4392,
      3.4718,
      6.4743,
      4.5584,
      3.0607,
      3.1217,
      3.8741,
      5.3289,
      7.1155,
      2.3171
    ],
    [
      2.9546,
      4.5848,
      0.0,
      1.9932,
      2.546,
      2.0861,
      3.0936,
      4.6381,
      4.5742,
      6.5162,
      3.9804,
      4.1419,
      4.1884,
      3.5791,
      3.5357,
      2.3951,
      4.2599,
      5.5624,
      4.046,
      3.6768,
      4.7261,
      4.5019,
      7.6641,
      3.1378
    ],
    [
      2.472,
      3.3678,
      1.9932,
      0.0,
      2.3113,
      1.14,
      1.8573,
      4.714,
      4.8169,
      5.8593,
      3.6561,
      3.5248,
      3.1312,
      2.9832,
      2.2374,
      1.4137,
      5.297,
      4.6832,
      3.1556,
      3.1587,
      4.1482,
      4.5113,
      7.6206,
      1.9868
    ],
    [
      3.7738,
      3.9085,
      2.546,
      2.3113,
      0.0,
      2.6793,
      3.6002,
      4.0378,
      3.9823,
      6.1812,
      3.7043,
      3.7386,
      4.6061,
      3.1935,
      3.6798,
      2.5858,
      4.5536,
      4.4541,
      4.2556,
      3.8499,
      5.152,
      4.9381,
      7.3395,
      3.1759
    ],
    [
      1.9129,
      3.1733,
      2.0861,
      1.14,
      2.6793,
      0.0,
      1.4741,
      4.4759,
      4.184,
      5.3499,
      3.017,
      3.0367,
      2.58,
      2.5498,
      1.6087,
      1.3602,
      5.1661,
      4.3092,
      2.5506,
      2.7143,
      3.4309,
      3.9092,
      7.2224,
      1.4472
    ],
    [
      2.4513,
      3.7767,
      3.0936,
      1.8573,
      3.6002,
      1.4741,
      0.0,
      5.468,
      5.172,
      5.6929,
      4.0578,
      4.0872,
      2.8406,
      3.5905,
      2.0247,
      1.9494,
      5.9938,
      4.9314,
      2.922,
      3.4027,
      3.7903,
      4.2753,
      7.7393,
      2.302
    ],
    [
      4.9156,
      4.82,
      4.6381,
      4.714,
      4.0378,
      4.4759,
      5.468,
      0.0,
      2.2317,
      5.2945,
      2.5466,
      2.9341,
      5.3984,
      2.5858,
      4.3921,
      3.9386,
      3.2335,
      4.6577,
      3.8386,
      3.1524,
      3.8399,
      3.1122,
      4.0115,
      4.354
    ],
    [
      4.5902,
      4.6446,
      4.5742,
      4.8169,
      3.9823,
      4.184,
      5.172,
      2.2317,
      0.0,
      5.0697,
      2.1554,
      2.8864,
      5.0864,
      2.7252,
      4.231,
      4.1142,
      3.8573,
      4.1243,
      3.8785,
      3.4538,
      3.867,
      3.3313,
      4.8008,
      4.0853
    ],
    [
      6.1511,
      5.4856,
      6.5162,
      5.8593,
      6.1812,
      5.3499,
      5.6929,
      5.2945,
      5.0697,
      0.0,
      4.6408,
      4.197,
      5.2754,
      4.076,
      4.8184,
      4.7484,
      6.7576,
      5.3475,
      5.2031,
      4.3396,
      4.7194,
      4.575,
      7.2704,
      5.4484
    ],
    [
      3.4789,
      3.0947,
      3.9804,
      3.6561,
      3.7043,
      3.017,
      4.0578,
      2.5466,
      2.1554,
      4.6408,
      0.0,
      1.1209,
      3.3682,
      1.2406,
      2.5721,
      3.1273,
      4.7101,
      3.6351,
      2.1465,
      2.0227,
      2.3364,
      3.14,
      5.0072,
      2.5235
    ],
    [
      3.7455,
      2.461,
      4.1419,
      3.5248,
      3.7386,
      3.0367,
      4.0872,
      2.9341,
      2.8864,
      4.197,
      1.1209,
      0.0,
      2.9698,
      0.8627,
      2.3792,
      3.0228,
      5.1335,
      3.6607,
      2.4155,
      1.9955,
      2.6639,
      3.6843,
      5.6237,
      2.4095
    ],
    [
      3.5888,
      2.1083,
      4.1884,
      3.1312,
      4.6061,
      2.58,
      2.8406,
      5.3984,
      5.0864,
      5.2754,
      3.3682,
      2.9698,
      0.0,
      3.0193,
      1.7735,
      3.1146,
      6.5498,
      5.2316,
      2.505,
      2.7785,
      3.0684,
      4.7485,
      7.3704,
      2.1544
    ],
    [
      3.4464,
      2.6825,
      3.5791,
      2.9832,
      3.1935,
      2.5498,
      3.5905,
      2.5858,
      2.7252,
      4.076,
      1.2406,
      0.8627,
      3.0193,
      0.0,
      2.1549,
      2.2829,
      4.5216,
      3.7284,
      2.2469,
      1.5422,
      2.5785,
      3.1336,
      5.518,
      2.2648
    ],
    [
      2.2952,
      2.4392,
      3.5357,
      2.2374,
      3.6798,
      1.6087,
      2.0247,
      4.3921,
      4.231,
      4.8184,
      2.5721,
      2.3792,
      1.7735,
      2.1549,
      0.0,
      2.0431,
      5.8355,
      3.8634,
      1.5596,
      2.3454,
      2.4994,
      3.78,
      6.7262,
      1.0292
    ],
    [
      2.8122,
      3.4718,
      2.3951,
      1.4137,
      2.5858,
      1.3602,
      1.9494,
      3.9386,
      4.1142,
      4.7484,
      3.1273,
      3.0228,
      3.1146,
      2.2829,
      2.0431,
      0.0,
      4.5518,
      4.5442,
      2.7385,
      2.2835,
      3.4073,
      3.344,
      6.7597,
      2.2822
    ],
    [
      5.8918,
      6.4743,
      4.2599,
      5.297,
      4.5536,
      5.1661,
      5.9938,
      3.2335,
      3.8573,
      6.7576,
      4.7101,
      5.1335,
      6.5498,
      4.5216,
      5.8355,
      4.5518,
      0.0,
      6.9974,
      5.4968,
      4.4407,
      5.4769,
      3.8349,
      5.5061,
      5.7711
    ],
    [
      3.8795,
      4.5584,
      5.5624,
      4.6832,
      4.4541,
      4.3092,
      4.9314,
      4.6577,
      4.1243,
      5.3475,
      3.6351,
      3.6607,
      5.2316,
      3.7284,
      3.8634,
      4.5442,
      6.9974,
      0.0,
      4.3096,
      4.9927,
      4.9063,
      5.3741,
      7.3846,
      3.6032
    ],
    [
      2.8563,
      3.0607,
      4.046,
      3.1556,
      4.2556,
      2.5506,
      2.922,
      3.8386,
      3.8785,
      5.2031,
      2.1465,
      2.4155,
      2.505,
      2.2469,
      1.5596,
      2.7385,
      5.4968,
      4.3096,
      0.0,
      1.9298,
      1.3508,
      3.0572,
      5.4083,
      2.035
    ],
    [
      3.845,
      3.1217,
      3.6768,
      3.1587,
      3.8499,
      2.7143,
      3.4027,
      3.1524,
      3.4538,
      4.3396,
      2.0227,
      1.9955,
      2.7785,
      1.5422,
      2.3454,
      2.2835,
      4.4407,
      4.9927,
      1.9298,
      0.0,
      1.9269,
      2.6093,
      5.1321,
      2.8106
    ],
    [
      3.706,
      3.8741,
      4.7261,
      4.1482,
      5.152,
      3.4309,
      3.7903,
      3.8399,
      3.867,
      4.7194,
      2.3364,
      2.6639,
      3.0684,
      2.5785,
      2.4994,
      3.4073,
      5.4769,
      4.9063,
      1.3508,
      1.9269,
      0.0,
      2.4792,
      4.8383,
      3.1232
    ],
    [
      4.2793,
      5.3289,
      4.5019,
      4.5113,
      4.9381,
      3.9092,
      4.2753,
      3.1122,
      3.3313,
      4.575,
      3.14,
      3.6843,
      4.7485,
      3.1336,
      3.78,
      3.344,
      3.8349,
      5.3741,
      3.0572,
      2.6093,
      2.4792,
      0.0,
      4.385,
      4.2729
    ],
    [
      7.5061,
      7.1155,
      7.6641,
      7.6206,
      7.3395,
      7.2224,
      7.7393,
      4.0115,
      4.8008,
      7.2704,
      5.0072,
      5.6237,
      7.3704,
      5.518,
      6.7262,
      6.7597,
      5.5061,
      7.3846,
      5.4083,
      5.1321,
      4.8383,
      4.385,
      0.0,
      6.9911
    ],
    [
      1.9444,
      2.3171,
      3.1378,
      1.9868,
      3.1759,
      1.4472,
      2.302,
      4.354,
      4.0853,
      5.4484,
      2.5235,
      2.4095,
      2.1544,
      2.2648,
      1.0292,
      2.2822,
      5.7711,
      3.6032,
      2.035,
      2.8106,
      3.1232,
      4.2729,
      6.9911,
      0.0
    ]
  ],
  "linkage": [
    [
      11.0,
      13.0,
      0.862664,
      2.0
    ],
    [
      14.0,
      23.0,
      1.029182,
      2.0
    ],
    [
      3.0,
      5.0,
      1.139989,
      2.0
    ],
    [
      10.0,
      24.0,
      1.271067,
      3.0
    ],
    [
      18.0,
      20.0,
      1.350819,
      2.0
    ],
    [
      15.0,
      26.0,
      1.460313,
      3.0
    ],
    [
      6.0,
      29.0,
      1.962972,
      4.0
    ],
    [
      19.0,
      28.0,
      2.085606,
      3.0
    ],
    [
      1.0,
      12.0,
      2.108311,
      2.0
    ],
    [
      7.0,
      8.0,
      2.231698,
      2.0
    ],
    [
      0.0,
      25.0,
      2.383129,
      3.0
    ],
    [
      2.0,
      4.0,
      2.54601,
      2.0
    ],
    [
      30.0,
      34.0,
      3.009492,
      7.0
    ],
    [
      21.0,
      31.0,
      3.099504,
      4.0
    ],
    [
      27.0,
      33.0,
      3.597437,
      5.0
    ],
    [
      35.0,
      36.0,
      4.189309,
      9.0
    ],
    [
      37.0,
      38.0,
      4.72601,
      9.0
    ],
    [
      32.0,
      39.0,
      5.045867,
      11.0
    ],
    [
      9.0,
      17.0,
      5.347495,
      2.0
    ],
    [
      16.0,
      22.0,
      5.506126,
      2.0
    ],
    [
      40.0,
      42.0,
      5.834068,
      11.0
    ],
    [
      43.0,
      44.0,
      7.100464,
      13.0
    ],
    [
      41.0,
      45.0,
      10.257505,
      24.0
    ]
  ],
  "cluster_ids": {
    "JENA31": 1,
    "JENA31DW1": 1,
    "BIALA19": 1,
    "BIALA20": 1,
    "BIALA21": 1,
    "FROSTILLICUS2": 1,
    "GRANCHIO4": 1,
    "HOBBES5": 3,
    "HOBBES6": 3,
    "MCKINLAY20": 4,
    "MCKINLAY21": 3,
    "MCKINLAY22": 3,
    "MCKINLAY23": 1,
    "MCKINLAY24": 3,
    "STIMPEE6": 1,
    "STIMPEE7": 1,
    "TERINGIE6": 2,
    "MCKINLAY10": 4,
    "MCKINLAY11": 3,
    "MCKINLAY12": 3,
    "MCKINLAY13": 3,
    "MCKINLAY14": 3,
    "MCKINLAY15": 2,
    "JENA31_DUAL": 1
  }
}