{
  "aliases": [
    "JENA31",
    "JENA31DW1",
    "BIALA19",
    "BIALA20",
    "BIALA21",
    "FROSTILLICUS2",
    "GRANCHIO4",
    "HOBBES5",
    "HOBBES6",
    "MCKINLAY20",
    "MCKINLAY21",
    "MCKINLAY22",
    "MCKINLAY23",
    "MCKINLAY24",
    "STIMPEE6",
    "STIMPEE7",
    "TERINGIE6",
    "MCKINLAY10",
    "MCKINLAY11",
    "MCKINLAY12",
    "MCKINLAY13",
    "MCKINLAY14",
    "MCKINLAY15",
    "JENA31_DUAL"
  ],
  "features": [
    "mean_pct_ss",
    "mean_grain_ordinal",
    "mean_avg_GR",
    "mean_RES_DEEP",
    "pay_pct",
    "mean_WRCI",
    "pct_high_risk",
    "pct_zoi"
  ],
  "feature_means": [
    91.87252457542381,
    1.409889585391962,
    89.06882899219228,
    32.47478808531866,
    62.508333333333354,
    26.086375902238416,
    3.1858591039859423,
    1.9128438658363969
  ],
  "feature_stds": [
    7.243206578309529,
    1.4818350903379929,
    6.8322679901796635,
    7.561750482647799,
    16.974394850938154,
    4.709706668674605,
    6.798330332808783,
    2.5654115857995867
  ],
  "cosine_similarity": [
    [
      1.0,
      -0.2571,
      -0.228,
      0.1645,
      -0.23,
      0.1464,
      0.6802,
      -0.4904,
      -0.2601,
      -0.5246,
      -0.2851,
      -0.3733,
      0.1319,
      -0.7175,
      0.7356,
      0.225,
      -0.5096,
      0.4575,
      0.6742,
      -0.1585,
      0.4274,
      0.0406,
      -0.3631,
      0.6431
    ],
    [
      -0.2571,
      1.0,
      0.3193,
      0.0344,
      0.0803,
      0.6284,
      0.0593,
      -0.4041,
      -0.163,
      0.5489,
      0.2854,
      0.539,
      0.7448,
      0.4716,
      0.2666,
      0.0339,
      -0.3994,
      -0.1574,
      -0.4582,
      -0.2545,
      -0.5615,
      -0.8435,
      -0.6681,
      0.5742
    ],
    [
      -0.228,
      0.3193,
      1.0,
      0.5188,
      0.4283,
      0.6879,
      0.0575,
      -0.5442,
      0.08,
      -0.147,
      -0.0184,
      -0.2357,
      0.2902,
      0.1612,
      -0.2745,
      0.1823,
      -0.0153,
      -0.4928,
      -0.5766,
      -0.4939,
      -0.4769,
      -0.2564,
      -0.4183,
      0.051
    ],
    [
      0.1645,
      0.0344,
      0.5188,
      1.0,
      0.6968,
      0.1821,
      0.4709,
      -0.4628,
      -0.1294,
      -0.6834,
      -0.6274,
      -0.6784,
      -0.0177,
      -0.5028,
      0.2049,
      0.8626,
      -0.2749,
      -0.1505,
      -0.0505,
      -0.1522,
      -0.202,
      -0.2975,
      -0.4683,
      0.1655
    ],
    [
      -0.23,
      0.0803,
      0.4283,
      0.6968,
      1.0,
      -0.0154,
      -0.0146,
      0.0265,
      0.1734,
      -0.4091,
      -0.3649,
      -0.4751,
      -0.3189,
      0.0682,
      -0.2789,
      0.4169,
      0.2353,
      0.032,
      -0.5734,
      -0.4286,
      -0.6595,
      -0.434,
      -0.3199,
      -0.1301
    ],
    [
      0.1464,
      0.6284,
      0.6879,
      0.1821,
      -0.0154,
      1.0,
      0.4274,
      -0.8115,
      -0.3243,
      0.0774,
      0.0273,
      0.0283,
      0.7313,
      0.1256,
      0.2681,
      0.0842,
      -0.3416,
      -0.2691,
      -0.2753,
      -0.5097,
      -0.4012,
      -0.4327,
      -0.7024,
      0.6181
    ],
    [
      0.6802,
      0.0593,
      0.0575,
      0.4709,
      -0.0146,
      0.4274,
      1.0,
      -0.7627,
      -0.6957,
      -0.6144,
      -0.7391,
      -0.559,
      0.4106,
      -0.7238,
      0.7568,
      0.6676,
      -0.3831,
      -0.0238,
      0.5291,
      0.0797,
      0.1561,
      -0.0781,
      -0.5919,
      0.6213
    ],
    [
      -0.4904,
      -0.4041,
      -0.5442,
      -0.4628,
      0.0265,
      -0.8115,
      -0.7627,
      1.0,
      0.4165,
      0.3232,
      0.2984,
      0.2625,
      -0.7232,
      0.4043,
      -0.581,
      -0.4265,
      0.5216,
      0.2351,
      -0.1383,
      0.2173,
      0.0554,
      0.3229,
      0.8013,
      -0.7253
    ],
    [
      -0.2601,
      -0.163,
      0.08,
      -0.1294,
      0.1734,
      -0.3243,
      -0.6957,
      0.4165,
      1.0,
      0.2938,
      0.6182,
      0.3345,
      -0.5174,
      0.2517,
      -0.603,
      -0.4591,
      0.0606,
      0.4316,
      -0.4717,
      -0.3311,
      -0.248,
      0.0041,
      0.2461,
      -0.3519
    ],
    [
      -0.5246,
      0.5489,
      -0.147,
      -0.6834,
      -0.4091,
      0.0774,
      -0.6144,
      0.3232,
      0.2938,
      1.0,
      0.8194,
      0.9685,
      0.2516,
      0.7538,
      -0.2249,
      -0.6283,
      -0.0852,
      0.0439,
      -0.3863,
      -0.0222,
      -0.2334,
      -0.2645,
      0.1575,
      -0.0046
    ],
    [
      -0.2851,
      0.2854,
      -0.0184,
      -0.6274,
      -0.3649,
      0.0273,
      -0.7391,
      0.2984,
      0.6182,
      0.8194,
      1.0,
      0.8514,
      0.0926,
      0.6576,
      -0.3161,
      -0.8023,
      -0.1204,
      0.1922,
      -0.3828,
      -0.2859,
      -0.1028,
      -0.174,
      0.1805,
      -0.0162
    ],
    [
      -0.3733,
      0.539,
      -0.2357,
      -0.6784,
      -0.4751,
      0.0283,
      -0.559,
      0.2625,
      0.3345,
      0.9685,
      0.8514,
      1.0,
      0.3029,
      0.6374,
      -0.0849,
      -0.6241,
      -0.2137,
      0.1345,
      -0.2642,
      0.02,
      -0.1191,
      -0.3026,
      0.0842,
      0.1128
    ],
    [
      0.1319,
      0.7448,
      0.2902,
      -0.0177,
      -0.3189,
      0.7313,
      0.4106,
      -0.7232,
      -0.5174,
      0.2516,
      0.0926,
      0.3029,
      1.0,
      0.1108,
      0.5619,
      0.0701,
      -0.4381,
      -0.4274,
      0.0499,
      0.0161,
      -0.0153,
      -0.4807,
      -0.6482,
      0.6919
    ],
    [
      -0.7175,
      0.4716,
      0.1612,
      -0.5028,
      0.0682,
      0.1256,
      -0.7238,
      0.4043,
      0.2517,
      0.7538,
      0.6576,
      0.6374,
      0.1108,
      1.0,
      -0.5448,
      -0.6517,
      0.3821,
      -0.1803,
      -0.7454,
      -0.298,
      -0.5232,
      -0.317,
      0.132,
      -0.2326
    ],
    [
      0.7356,
      0.2666,
      -0.2745,
      0.2049,
      -0.2789,
      0.2681,
      0.7568,
      -0.581,
      -0.603,
      -0.2249,
      -0.3161,
      -0.0849,
      0.5619,
      -0.5448,
      1.0,
      0.4618,
      -0.7217,
      0.1707,
      0.656,
      0.1344,
      0.351,
      -0.3281,
      -0.5529,
      0.8366
    ],
    [
      0.225,
      0.0339,
      0.1823,
      0.8626,
      0.4169,
      0.0842,
      0.6676,
      -0.4265,
      -0.4591,
      -0.6283,
      -0.8023,
      -0.6241,
      0.0701,
      -0.6517,
      0.4618,
      1.0,
      -0.3595,
      -0.1676,
      0.2906,
      0.2137,
      0.0295,
      -0.1724,
      -0.3602,
      0.222
    ],
    [
      -0.5096,
      -0.3994,
      -0.0153,
      -0.2749,
      0.2353,
      -0.3416,
      -0.3831,
      0.5216,
      0.0606,
      -0.0852,
      -0.1204,
      -0.2137,
      -0.4381,
      0.3821,
      -0.7217,
      -0.3595,
      1.0,
      -0.2985,
      -0.3238,
      0.1274,
      -0.149,
      0.4504,
      0.4908,
      -0.7544
    ],
    [
      0.4575,
      -0.1574,
      -0.4928,
      -0.1505,
      0.032,
      -0.2691,
      -0.0238,
      0.2351,
      0.4316,
      0.0439,
      0.1922,
      0.1345,
      -0.4274,
      -0.1803,
      0.1707,
      -0.1676,
      -0.2985,
      1.0,
      0.0936,
      -0.3854,
      -0.1254,
      -0.154,
      -0.061,
      0.2751
    ],
    [
      0.6742,
      -0.4582,
      -0.5766,
      -0.0505,
      -0.5734,
      -0.2753,
      0.5291,
      -0.1383,
      -0.4717,
      -0.3863,
      -0.3828,
      -0.2642,
      0.0499,
      -0.7454,
      0.656,
      0.2906,
      -0.3238,
      0.0936,
      1.0,
      0.5781,
      0.8782,
      0.4655,
      0.1803,
      0.2095
    ],
    [
      -0.1585,
      -0.2545,
      -0.4939,
      -0.1522,
      -0.4286,
      -0.5097,
      0.0797,
      0.2173,
      -0.3311,
      -0.0222,
      -0.2859,
      0.02,
      0.0161,
      -0.298,
      0.1344,
      0.2137,
      0.1274,
      -0.3854,
      0.5781,
      1.0,
      0.6456,
      0.4782,
      0.4473,
      -0.3406
    ],
    [
      0.4274,
      -0.5615,
      -0.4769,
      -0.202,
      -0.6595,
      -0.4012,
      0.1561,
      0.0554,
      -0.248,
      -0.2334,
      -0.1028,
      -0.1191,
      -0.0153,
      -0.5232,
      0.351,
      0.0295,
      -0.149,
      -0.1254,
      0.8782,
      0.6456,
      1.0,
      0.6279,
      0.4536,
      -0.0867
    ],
    [
      0.0406,
      -0.8435,
      -0.2564,
      -0.2975,
      -0.434,
      -0.4327,
      -0.0781,
      0.3229,
      0.0041,
      -0.2645,
      -0.174,
      -0.3026,
      -0.4807,
      -0.317,
      -0.3281,
      -0.1724,
      0.4504,
      -0.154,
      0.4655,
      0.4782,
      0.6279,
      1.0,
      0.7721,
      -0.6357
    ],
    [
      -0.3631,
      -0.6681,
      -0.4183,
      -0.4683,
      -0.3199,
      -0.7024,
      -0.5919,
      0.8013,
      0.2461,
      0.1575,
      0.1805,
      0.0842,
      -0.6482,
      0.132,
      -0.5529,
      -0.3602,
      0.4908,
      -0.061,
      0.1803,
      0.4473,
      0.4536,
      0.7721,
      1.0,
      -0.8299
    ],
    [
      0.6431,
      0.5742,
      0.051,
      0.1655,
      -0.1301,
      0.6181,
      0.6213,
      -0.7253,
      -0.3519,
      -0.0046,
      -0.0162,
      0.1128,
      0.6919,
      -0.2326,
      0.8366,
      0.222,
      -0.7544,
      0.2751,
      0.2095,
      -0.3406,
      -0.0867,
      -0.6357,
      -0.8299,
      1.0
    ]
  ],
  "euclidean_distance": [
    [
      0.0,
      4.2325,
      4.5942,
      3.6179,
      5.127,
      3.1578,
      2.1769,
      4.5889,
      3.9246,
      4.0019,
      3.307,
      3.7,
      3.5727,
      3.7654,
      1.7103,
      2.729,
      7.3073,
      3.5081,
      1.8673,
      3.341,
      2.549,
      3.654,
      5.7657,
      1.9318
    ],
    [
      4.2325,
      0.0,
      3.5926,
      4.0704,
      4.6378,
      2.2522,
      3.8933,
      4.6945,
      3.9984,
      2.4049,
      2.793,
      2.4032,
      2.036,
      2.4869,
      2.8987,
      3.263,
      7.2863,
      5.1135,
      3.995,
      3.7228,
      4.4522,
      5.3379,
      6.5695,
      2.302
    ],
    [
      4.5942,
      3.5926,
      0.0,
      3.1229,
      3.8994,
      2.4009,
      4.2494,
      5.3644,
      3.9397,
      4.1417,
      3.6728,
      4.2003,
      3.7044,
      3.4103,
      4.1633,
      3.4497,
      6.6269,
      6.191,
      4.6106,
      4.4997,
      4.7802,
      4.8117,
      6.4721,
      3.5974
    ],
    [
      3.6179,
      4.0704,
      3.1229,
      0.0,
      2.8292,
      3.4653,
      3.0417,
      4.9897,
      4.1254,
      4.6909,
      4.1809,
      4.5711,
      4.2287,
      4.0265,
      3.1933,
      1.7673,
      7.1531,
      5.2546,
      3.6271,
      3.779,
      4.1098,
      4.6664,
      6.3683,
      3.1915
    ],
    [
      5.127,
      4.6378,
      3.8994,
      2.8292,
      0.0,
      4.5787,
      4.8898,
      4.7523,
      4.2362,
      5.1168,
      4.7049,
      5.1232,
      5.5597,
      4.1078,
      4.7359,
      3.566,
      6.105,
      5.4075,
      5.1904,
      4.9854,
      5.6355,
      5.6816,
      6.7231,
      4.4204
    ],
    [
      3.1578,
      2.2522,
      2.4009,
      3.4653,
      4.5787,
      0.0,
      2.8064,
      4.8518,
      3.8461,
      2.9658,
      2.7351,
      2.9603,
      1.977,
      2.5966,
      2.5054,
      2.7761,
      6.8318,
      4.9921,
      3.3128,
      3.5975,
      3.7851,
      4.283,
      6.1891,
      1.8194
    ],
    [
      2.1769,
      3.8933,
      4.2494,
      3.0417,
      4.8898,
      2.8064,
      0.0,
      5.31,
      4.8706,
      4.4335,
      4.1329,
      4.2516,
      3.1214,
      4.1019,
      1.9127,
      2.1391,
      7.2872,
      4.8547,
      2.4512,
      3.273,
      3.3378,
      4.1219,
      6.471,
      2.2526
    ],
    [
      4.5889,
      4.6945,
      5.3644,
      4.9897,
      4.7523,
      4.8518,
      5.31,
      0.0,
      2.8325,
      2.8813,
      2.7554,
      2.9451,
      5.2685,
      2.5827,
      4.0894,
      3.8784,
      4.8597,
      4.1915,
      3.5419,
      2.9854,
      3.467,
      3.2233,
      2.6931,
      4.0964
    ],
    [
      3.9246,
      3.9984,
      3.9397,
      4.1254,
      4.2362,
      3.8461,
      4.8706,
      2.8325,
      0.0,
      2.6756,
      1.9037,
      2.5394,
      4.6273,
      2.5142,
      3.7711,
      3.583,
      6.0492,
      3.5563,
      3.6584,
      3.483,
      3.6663,
      3.6552,
      4.4265,
      3.3343
    ],
    [
      4.0019,
      2.4049,
      4.1417,
      4.6909,
      5.1168,
      2.9658,
      4.4335,
      2.8813,
      2.6756,
      0.0,
      1.1863,
      0.5152,
      3.0915,
      1.3498,
      3.0041,
      3.4379,
      6.2136,
      4.2844,
      3.2346,
      2.779,
      3.3555,
      3.8414,
      4.5077,
      2.6052
    ],
    [
      3.307,
      2.793,
      3.6728,
      4.1809,
      4.7049,
      2.7351,
      4.1329,
      2.7554,
      1.9037,
      1.1863,
      0.0,
      1.0144,
      3.1405,
      1.2653,
      2.6936,
      3.1249,
      6.0721,
      3.8628,
      2.8034,
      2.7033,
      2.8249,
      3.3742,
      4.3433,
      2.232
    ],
    [
      3.7,
      2.4032,
      4.2003,
      4.5711,
      5.1232,
      2.9603,
      4.2516,
      2.9451,
      2.5394,
      0.5152,
      1.0144,
      0.0,
      2.943,
      1.5117,
      2.7291,
      3.3154,
      6.3863,
      4.0673,
      2.9844,
      2.6271,
      3.1041,
      3.8022,
      4.6053,
      2.356
    ],
    [
      3.5727,
      2.036,
      3.7044,
      4.2287,
      5.5597,
      1.977,
      3.1214,
      5.2685,
      4.6273,
      3.0915,
      3.1405,
      2.943,
      0.0,
      3.1082,
      2.3914,
      3.2693,
      7.4234,
      5.7143,
      3.3375,
      3.3897,
      3.6651,
      4.8471,
      6.5954,
      2.1213
    ],
    [
      3.7654,
      2.4869,
      3.4103,
      4.0265,
      4.1078,
      2.5966,
      4.1019,
      2.5827,
      2.5142,
      1.3498,
      1.2653,
      1.5117,
      3.1082,
      0.0,
      2.9022,
      2.9772,
      5.3007,
      4.3883,
      3.1306,
      2.703,
      3.2796,
      3.5375,
      4.4137,
      2.4451
    ],
    [
      1.7103,
      2.8987,
      4.1633,
      3.1933,
      4.7359,
      2.5054,
      1.9127,
      4.0894,
      3.7711,
      3.0041,
      2.6936,
      2.7291,
      2.3914,
      2.9022,
      0.0,
      1.8327,
      7.0837,
      3.9572,
      1.4967,
      2.3725,
      2.3046,
      3.7315,
      5.5348,
      0.9801
    ],
    [
      2.729,
      3.263,
      3.4497,
      1.7673,
      3.566,
      2.7761,
      2.1391,
      3.8784,
      3.583,
      3.4379,
      3.1249,
      3.3154,
      3.2693,
      2.9772,
      1.8327,
      0.0,
      6.531,
      4.4915,
      2.1345,
      2.2461,
      2.7862,
      3.5058,
      5.2427,
      2.0916
    ],
    [
      7.3073,
      7.2863,
      6.6269,
      7.1531,
      6.105,
      6.8318,
      7.2872,
      4.8597,
      6.0492,
      6.2136,
      6.0721,
      6.3863,
      7.4234,
      5.3007,
      7.0837,
      6.531,
      0.0,
      7.7666,
      6.518,
      5.7522,
      6.4092,
      5.0854,
      5.1977,
      6.9731
    ],
    [
      3.5081,
      5.1135,
      6.191,
      5.2546,
      5.4075,
      4.9921,
      4.8547,
      4.1915,
      3.5563,
      4.2844,
      3.8628,
      4.0673,
      5.7143,
      4.3883,
      3.9572,
      4.4915,
      7.7666,
      0.0,
      4.106,
      4.8577,
      4.6788,
      5.0643,
      5.9827,
      3.7411
    ],
    [
      1.8673,
      3.995,
      4.6106,
      3.6271,
      5.1904,
      3.3128,
      2.4512,
      3.5419,
      3.6584,
      3.2346,
      2.8034,
      2.9844,
      3.3375,
      3.1306,
      1.4967,
      2.1345,
      6.518,
      4.106,
      0.0,
      1.6791,
      1.0671,
      2.4935,
      4.4036,
      2.1591
    ],
    [
      3.341,
      3.7228,
      4.4997,
      3.779,
      4.9854,
      3.5975,
      3.273,
      2.9854,
      3.483,
      2.779,
      2.7033,
      2.6271,
      3.3897,
      2.703,
      2.3725,
      2.2461,
      5.7522,
      4.8577,
      1.6791,
      0.0,
      1.739,
      2.4675,
      3.8916,
      2.8038
    ],
    [
      2.549,
      4.4522,
      4.7802,
      4.1098,
      5.6355,
      3.7851,
      3.3378,
      3.467,
      3.6663,
      3.3555,
      2.8249,
      3.1041,
      3.6651,
      3.2796,
      2.3046,
      2.7862,
      6.4092,
      4.6788,
      1.0671,
      1.739,
      0.0,
      2.1945,
      3.8837,
      2.8404
    ],
    [
      3.654,
      5.3379,
      4.8117,
      4.6664,
      5.6816,
      4.283,
      4.1219,
      3.2233,
      3.6552,
      3.8414,
      3.3742,
      3.8022,
      4.8471,
      3.5375,
      3.7315,
      3.5058,
      5.0854,
      5.0643,
      2.4935,
      2.4675,
      2.1945,
      0.0,
      2.8304,
      3.9573
    ],
    [
      5.7657,
      6.5695,
      6.4721,
      6.3683,
      6.7231,
      6.1891,
      6.471,
      2.6931,
      4.4265,
      4.5077,
      4.3433,
      4.6053,
      6.5954,
      4.4137,
      5.5348,
      5.2427,
      5.1977,
      5.9827,
      4.4036,
      3.8916,
      3.8837,
      2.8304,
      0.0,
      5.7409
    ],
    [
      1.9318,
      2.302,
      3.5974,
      3.1915,
      4.4204,
      1.8194,
      2.2526,
      4.0964,
      3.3343,
      2.6052,
      2.232,
      2.356,
      2.1213,
      2.4451,
      0.9801,
      2.0916,
      6.9731,
      3.7411,
      2.1591,
      2.8038,
      2.8404,
      3.9573,
      5.7409,
      0.0
    ]
  ],
  "linkage": [
    [
      9.0,
      11.0,
      0.51515,
      2.0
    ],
    [
      14.0,
      23.0,
      0.980093,
      2.0
    ],
    [
      18.0,
      20.0,
      1.067144,
      2.0
    ],
    [
      10.0,
      24.0,
      1.23923,
      3.0
    ],
    [
      13.0,
      27.0,
      1.550425,
      4.0
    ],
    [
      3.0,
      15.0,
      1.767253,
      2.0
    ],
    [
      19.0,
      26.0,
      1.875089,
      3.0
    ],
    [
      5.0,
      12.0,
      1.976995,
      2.0
    ],
    [
      0.0,
      25.0,
      2.029245,
      3.0
    ],
    [
      1.0,
      31.0,
      2.200487,
      3.0
    ],
    [
      6.0,
      32.0,
      2.337999,
      4.0
    ],
    [
      7.0,
      22.0,
      2.693061,
      2.0
    ],
    [
      21.0,
      30.0,
      2.719819,
      4.0
    ],
    [
      8.0,
      28.0,
      2.929181,
      5.0
    ],
    [
      4.0,
      29.0,
      3.5739,
      3.0
    ],
    [
      2.0,
      33.0,
      3.742885,
      4.0
    ],
    [
      17.0,
      34.0,
      4.909495,
      5.0
    ],
    [
      35.0,
      36.0,
      4.998017,
      6.0
    ],
    [
      37.0,
      39.0,
      5.582309,
      9.0
    ],
    [
      38.0,
      40.0,
      5.915217,
      8.0
    ],
    [
      16.0,
      41.0,
      6.989837,
      7.0
    ],
    [
      42.0,
      43.0,
      7.010968,
      17.0
    ],
    [
      44.0,
      45.0,
      9.458491,
      24.0
    ]
  ],
  "cluster_ids": {
    "JENA31": 4,
    "JENA31DW1": 3,
    "BIALA19": 3,
    "BIALA20": 4,
    "BIALA21": 4,
    "FROSTILLICUS2": 3,
    "GRANCHIO4": 4,
    "HOBBES5": 1,
    "HOBBES6": 3,
    "MCKINLAY20": 3,
    "MCKINLAY21": 3,
    "MCKINLAY22": 3,
    "MCKINLAY23": 3,
    "MCKINLAY24": 3,
    "STIMPEE6": 4,
    "STIMPEE7": 4,
    "TERINGIE6": 2,
    "MCKINLAY10": 4,
    "MCKINLAY11": 1,
    "MCKINLAY12": 1,
    "MCKINLAY13": 1,
    "MCKINLAY14": 1,
    "MCKINLAY15": 1,
    "JENA31_DUAL": 4
  }
}