{
  "aliases": [
    "JENA31",
    "JENA31DW1",
    "BIALA19",
    "BIALA20",
    "BIALA21",
    "FROSTILLICUS2",
    "GRANCHIO4",
    "HOBBES5",
    "HOBBES6",
    "MCKINLAY20",
    "MCKINLAY21",
    "MCKINLAY22",
    "MCKINLAY23",
    "MCKINLAY24",
    "STIMPEE6",
    "STIMPEE7",
    "TERINGIE6",
    "MCKINLAY10",
    "MCKINLAY11",
    "MCKINLAY12",
    "MCKINLAY13",
    "MCKINLAY14",
    "MCKINLAY15"
  ],
  "feature_vocabulary": [
    "good_rock",
    "highperm",
    "lowres_over_good",
    "lowfluor_over_good",
    "matching_pay",
    "coarse_grain",
    "low_GR",
    "loose_hardness"
  ],
  "presence_pct": 10.0,
  "feature_sets": {
    "JENA31": [
      "good_rock",
      "highperm",
      "loose_hardness",
      "low_GR",
      "matching_pay"
    ],
    "JENA31DW1": [
      "coarse_grain",
      "good_rock",
      "loose_hardness",
      "low_GR",
      "matching_pay"
    ],
    "BIALA19": [
      "coarse_grain",
      "good_rock",
      "highperm",
      "loose_hardness",
      "low_GR",
      "matching_pay"
    ],
    "BIALA20": [
      "good_rock",
      "highperm",
      "loose_hardness",
      "low_GR",
      "matching_pay"
    ],
    "BIALA21": [
      "good_rock",
      "highperm",
      "loose_hardness",
      "low_GR",
      "lowres_over_good",
      "matching_pay"
    ],
    "FROSTILLICUS2": [
      "coarse_grain",
      "good_rock",
      "highperm",
      "loose_hardness",
      "low_GR",
      "matching_pay"
    ],
    "GRANCHIO4": [
      "good_rock",
      "highperm",
      "loose_hardness",
      "low_GR",
      "matching_pay"
    ],
    "HOBBES5": [
      "good_rock",
      "loose_hardness",
      "low_GR",
      "matching_pay"
    ],
    "HOBBES6": [
      "coarse_grain",
      "good_rock",
      "loose_hardness",
      "low_GR",
      "matching_pay"
    ],
    "MCKINLAY20": [
      "coarse_grain",
      "good_rock",
      "low_GR",
      "lowres_over_good",
      "matching_pay"
    ],
    "MCKINLAY21": [
      "coarse_grain",
      "good_rock",
      "loose_hardness",
      "low_GR",
      "matching_pay"
    ],
    "MCKINLAY22": [
      "coarse_grain",
      "good_rock",
      "loose_hardness",
      "low_GR",
      "lowres_over_good",
      "matching_pay"
    ],
    "MCKINLAY23": [
      "coarse_grain",
      "good_rock",
      "loose_hardness",
      "low_GR",
      "matching_pay"
    ],
    "MCKINLAY24": [
      "coarse_grain",
      "good_rock",
      "highperm",
      "low_GR",
      "matching_pay"
    ],
    "STIMPEE6": [
      "coarse_grain",
      "good_rock",
      "loose_hardness",
      "low_GR",
      "matching_pay"
    ],
    "STIMPEE7": [
      "good_rock",
      "loose_hardness",
      "low_GR",
      "matching_pay"
    ],
    "TERINGIE6": [
      "good_rock",
      "loose_hardness",
      "low_GR",
      "lowfluor_over_good",
      "lowres_over_good",
      "matching_pay"
    ],
    "MCKINLAY10": [
      "good_rock",
      "highperm",
      "loose_hardness",
      "low_GR",
      "matching_pay"
    ],
    "MCKINLAY11": [
      "good_rock",
      "loose_hardness",
      "low_GR",
      "matching_pay"
    ],
    "MCKINLAY12": [
      "good_rock",
      "loose_hardness",
      "low_GR",
      "matching_pay"
    ],
    "MCKINLAY13": [
      "good_rock",
      "loose_hardness",
      "low_GR",
      "matching_pay"
    ],
    "MCKINLAY14": [
      "good_rock",
      "loose_hardness",
      "low_GR",
      "matching_pay"
    ],
    "MCKINLAY15": [
      "good_rock",
      "loose_hardness",
      "low_GR",
      "matching_pay"
    ]
  },
  "matrix": [
    [
      1.0,
      0.6667,
      0.8333,
      1.0,
      0.8333,
      0.8333,
      1.0,
      0.8,
      0.6667,
      0.4286,
      0.6667,
      0.5714,
      0.6667,
      0.6667,
      0.6667,
      0.8,
      0.5714,
      1.0,
      0.8,
      0.8,
      0.8,
      0.8,
      0.8
    ],
    [
      0.6667,
      1.0,
      0.8333,
      0.6667,
      0.5714,
      0.8333,
      0.6667,
      0.8,
      1.0,
      0.6667,
      1.0,
      0.8333,
      1.0,
      0.6667,
      1.0,
      0.8,
      0.5714,
      0.6667,
      0.8,
      0.8,
      0.8,
      0.8,
      0.8
    ],
    [
      0.8333,
      0.8333,
      1.0,
      0.8333,
      0.7143,
      1.0,
      0.8333,
      0.6667,
      0.8333,
      0.5714,
      0.8333,
      0.7143,
      0.8333,
      0.8333,
      0.8333,
      0.6667,
      0.5,
      0.8333,
      0.6667,
      0.6667,
      0.6667,
      0.6667,
      0.6667
    ],
    [
      1.0,
      0.6667,
      0.8333,
      1.0,
      0.8333,
      0.8333,
      1.0,
      0.8,
      0.6667,
      0.4286,
      0.6667,
      0.5714,
      0.6667,
      0.6667,
      0.6667,
      0.8,
      0.5714,
      1.0,
      0.8,
      0.8,
      0.8,
      0.8,
      0.8
    ],
    [
      0.8333,
      0.5714,
      0.7143,
      0.8333,
      1.0,
      0.7143,
      0.8333,
      0.6667,
      0.5714,
      0.5714,
      0.5714,
      0.7143,
      0.5714,
      0.5714,
      0.5714,
      0.6667,
      0.7143,
      0.8333,
      0.6667,
      0.6667,
      0.6667,
      0.6667,
      0.6667
    ],
    [
      0.8333,
      0.8333,
      1.0,
      0.8333,
      0.7143,
      1.0,
      0.8333,
      0.6667,
      0.8333,
      0.5714,
      0.8333,
      0.7143,
      0.8333,
      0.8333,
      0.8333,
      0.6667,
      0.5,
      0.8333,
      0.6667,
      0.6667,
      0.6667,
      0.6667,
      0.6667
    ],
    [
      1.0,
      0.6667,
      0.8333,
      1.0,
      0.8333,
      0.8333,
      1.0,
      0.8,
      0.6667,
      0.4286,
      0.6667,
      0.5714,
      0.6667,
      0.6667,
      0.6667,
      0.8,
      0.5714,
      1.0,
      0.8,
      0.8,
      0.8,
      0.8,
      0.8
    ],
    [
      0.8,
      0.8,
      0.6667,
      0.8,
      0.6667,
      0.6667,
      0.8,
      1.0,
      0.8,
      0.5,
      0.8,
      0.6667,
      0.8,
      0.5,
      0.8,
      1.0,
      0.6667,
      0.8,
      1.0,
      1.0,
      1.0,
      1.0,
      1.0
    ],
    [
      0.6667,
      1.0,
      0.8333,
      0.6667,
      0.5714,
      0.8333,
      0.6667,
      0.8,
      1.0,
      0.6667,
      1.0,
      0.8333,
      1.0,
      0.6667,
      1.0,
      0.8,
      0.5714,
      0.6667,
      0.8,
      0.8,
      0.8,
      0.8,
      0.8
    ],
    [
      0.4286,
      0.6667,
      0.5714,
      0.4286,
      0.5714,
      0.5714,
      0.4286,
      0.5,
      0.6667,
      1.0,
      0.6667,
      0.8333,
      0.6667,
      0.6667,
      0.6667,
      0.5,
      0.5714,
      0.4286,
      0.5,
      0.5,
      0.5,
      0.5,
      0.5
    ],
    [
      0.6667,
      1.0,
      0.8333,
      0.6667,
      0.5714,
      0.8333,
      0.6667,
      0.8,
      1.0,
      0.6667,
      1.0,
      0.8333,
      1.0,
      0.6667,
      1.0,
      0.8,
      0.5714,
      0.6667,
      0.8,
      0.8,
      0.8,
      0.8,
      0.8
    ],
    [
      0.5714,
      0.8333,
      0.7143,
      0.5714,
      0.7143,
      0.7143,
      0.5714,
      0.6667,
      0.8333,
      0.8333,
      0.8333,
      1.0,
      0.8333,
      0.5714,
      0.8333,
      0.6667,
      0.7143,
      0.5714,
      0.6667,
      0.6667,
      0.6667,
      0.6667,
      0.6667
    ],
    [
      0.6667,
      1.0,
      0.8333,
      0.6667,
      0.5714,
      0.8333,
      0.6667,
      0.8,
      1.0,
      0.6667,
      1.0,
      0.8333,
      1.0,
      0.6667,
      1.0,
      0.8,
      0.5714,
      0.6667,
      0.8,
      0.8,
      0.8,
      0.8,
      0.8
    ],
    [
      0.6667,
      0.6667,
      0.8333,
      0.6667,
      0.5714,
      0.8333,
      0.6667,
      0.5,
      0.6667,
      0.6667,
      0.6667,
      0.5714,
      0.6667,
      1.0,
      0.6667,
      0.5,
      0.375,
      0.6667,
      0.5,
      0.5,
      0.5,
      0.5,
      0.5
    ],
    [
      0.6667,
      1.0,
      0.8333,
      0.6667,
      0.5714,
      0.8333,
      0.6667,
      0.8,
      1.0,
      0.6667,
      1.0,
      0.8333,
      1.0,
      0.6667,
      1.0,
      0.8,
      0.5714,
      0.6667,
      0.8,
      0.8,
      0.8,
      0.8,
      0.8
    ],
    [
      0.8,
      0.8,
      0.6667,
      0.8,
      0.6667,
      0.6667,
      0.8,
      1.0,
      0.8,
      0.5,
      0.8,
      0.6667,
      0.8,
      0.5,
      0.8,
      1.0,
      0.6667,
      0.8,
      1.0,
      1.0,
      1.0,
      1.0,
      1.0
    ],
    [
      0.5714,
      0.5714,
      0.5,
      0.5714,
      0.7143,
      0.5,
      0.5714,
      0.6667,
      0.5714,
      0.5714,
      0.5714,
      0.7143,
      0.5714,
      0.375,
      0.5714,
      0.6667,
      1.0,
      0.5714,
      0.6667,
      0.6667,
      0.6667,
      0.6667,
      0.6667
    ],
    [
      1.0,
      0.6667,
      0.8333,
      1.0,
      0.8333,
      0.8333,
      1.0,
      0.8,
      0.6667,
      0.4286,
      0.6667,
      0.5714,
      0.6667,
      0.6667,
      0.6667,
      0.8,
      0.5714,
      1.0,
      0.8,
      0.8,
      0.8,
      0.8,
      0.8
    ],
    [
      0.8,
      0.8,
      0.6667,
      0.8,
      0.6667,
      0.6667,
      0.8,
      1.0,
      0.8,
      0.5,
      0.8,
      0.6667,
      0.8,
      0.5,
      0.8,
      1.0,
      0.6667,
      0.8,
      1.0,
      1.0,
      1.0,
      1.0,
      1.0
    ],
    [
      0.8,
      0.8,
      0.6667,
      0.8,
      0.6667,
      0.6667,
      0.8,
      1.0,
      0.8,
      0.5,
      0.8,
      0.6667,
      0.8,
      0.5,
      0.8,
      1.0,
      0.6667,
      0.8,
      1.0,
      1.0,
      1.0,
      1.0,
      1.0
    ],
    [
      0.8,
      0.8,
      0.6667,
      0.8,
      0.6667,
      0.6667,
      0.8,
      1.0,
      0.8,
      0.5,
      0.8,
      0.6667,
      0.8,
      0.5,
      0.8,
      1.0,
      0.6667,
      0.8,
      1.0,
      1.0,
      1.0,
      1.0,
      1.0
    ],
    [
      0.8,
      0.8,
      0.6667,
      0.8,
      0.6667,
      0.6667,
      0.8,
      1.0,
      0.8,
      0.5,
      0.8,
      0.6667,
      0.8,
      0.5,
      0.8,
      1.0,
      0.6667,
      0.8,
      1.0,
      1.0,
      1.0,
      1.0,
      1.0
    ],
    [
      0.8,
      0.8,
      0.6667,
      0.8,
      0.6667,
      0.6667,
      0.8,
      1.0,
      0.8,
      0.5,
      0.8,
      0.6667,
      0.8,
      0.5,
      0.8,
      1.0,
      0.6667,
      0.8,
      1.0,
      1.0,
      1.0,
      1.0,
      1.0
    ]
  ],
  "depth_binned_matrix": [
    [
      1.0,
      0.125,
      0.1333,
      0.1538,
      0.1333,
      0.1875,
      0.25,
      0.1,
      0.1,
      0.1875,
      0.0714,
      0.2857,
      0.1111,
      0.1111,
      0.0,
      0.1111,
      0.25,
      0.0,
      0.0,
      0.0769,
      0.3,
      0.0,
      0.1
    ],
    [
      0.125,
      1.0,
      0.2,
      0.3333,
      0.2,
      0.1765,
      0.2222,
      0.2,
      0.0909,
      0.1765,
      0.1429,
      0.1176,
      0.1,
      0.2353,
      0.1111,
      0.1,
      0.2353,
      0.125,
      0.0,
      0.1538,
      0.0769,
      0.2,
      0.0909
    ],
    [
      0.1333,
      0.2,
      1.0,
      0.7143,
      0.625,
      0.5556,
      0.2667,
      0.25,
      0.1765,
      0.6471,
      0.5,
      0.4211,
      0.3571,
      0.5263,
      0.2,
      0.3571,
      0.6111,
      0.1333,
      0.0,
      0.5333,
      0.2941,
      0.25,
      0.1765
    ],
    [
      0.1538,
      0.3333,
      0.7143,
      1.0,
      0.4118,
      0.3684,
      0.2143,
      0.2857,
      0.0588,
      0.4444,
      0.2941,
      0.25,
      0.3077,
      0.5,
      0.0667,
      0.3077,
      0.5,
      0.25,
      0.0,
      0.4,
      0.1765,
      0.2,
      0.125
    ],
    [
      0.1333,
      0.2,
      0.625,
      0.4118,
      1.0,
      0.5556,
      0.2667,
      0.1111,
      0.25,
      0.6471,
      0.5,
      0.5,
      0.3571,
      0.5263,
      0.2857,
      0.1875,
      0.6111,
      0.2143,
      0.0,
      0.4375,
      0.2941,
      0.3333,
      0.1765
    ],
    [
      0.1875,
      0.1765,
      0.5556,
      0.3684,
      0.5556,
      1.0,
      0.4,
      0.2941,
      0.375,
      0.6667,
      0.625,
      0.5263,
      0.2353,
      0.7222,
      0.25,
      0.3125,
      0.7222,
      0.0556,
      0.0,
      0.3889,
      0.4118,
      0.2941,
      0.375
    ],
    [
      0.25,
      0.2222,
      0.2667,
      0.2143,
      0.2667,
      0.4,
      1.0,
      0.0833,
      0.3,
      0.3125,
      0.4167,
      0.1765,
      0.0909,
      0.2941,
      0.0,
      0.0909,
      0.375,
      0.1111,
      0.0,
      0.2308,
      0.1538,
      0.1818,
      0.1818
    ],
    [
      0.1,
      0.2,
      0.25,
      0.2857,
      0.1111,
      0.2941,
      0.0833,
      1.0,
      0.2727,
      0.2941,
      0.2,
      0.4,
      0.1818,
      0.3529,
      0.0909,
      0.3,
      0.3529,
      0.0,
      0.0,
      0.2143,
      0.2308,
      0.2727,
      0.4
    ],
    [
      0.1,
      0.0909,
      0.1765,
      0.0588,
      0.25,
      0.375,
      0.3,
      0.2727,
      1.0,
      0.4667,
      0.3846,
      0.4,
      0.1818,
      0.3529,
      0.3333,
      0.0833,
      0.2778,
      0.1,
      0.0,
      0.4167,
      0.2308,
      0.1667,
      0.75
    ],
    [
      0.1875,
      0.1765,
      0.6471,
      0.4444,
      0.6471,
      0.6667,
      0.3125,
      0.2941,
      0.4667,
      1.0,
      0.5294,
      0.5263,
      0.3125,
      0.7222,
      0.3333,
      0.1667,
      0.7222,
      0.1176,
      0.0,
      0.5625,
      0.3333,
      0.2941,
      0.375
    ],
    [
      0.0714,
      0.1429,
      0.5,
      0.2941,
      0.5,
      0.625,
      0.4167,
      0.2,
      0.3846,
      0.5294,
      1.0,
      0.3889,
      0.3077,
      0.5,
      0.3333,
      0.2143,
      0.5,
      0.1538,
      0.0,
      0.5,
      0.3333,
      0.2,
      0.3846
    ],
    [
      0.2857,
      0.1176,
      0.4211,
      0.25,
      0.5,
      0.5263,
      0.1765,
      0.4,
      0.4,
      0.5263,
      0.3889,
      1.0,
      0.3333,
      0.5,
      0.2667,
      0.3333,
      0.5789,
      0.125,
      0.0,
      0.3333,
      0.5333,
      0.3125,
      0.4
    ],
    [
      0.1111,
      0.1,
      0.3571,
      0.3077,
      0.3571,
      0.2353,
      0.0909,
      0.1818,
      0.1818,
      0.3125,
      0.3077,
      0.3333,
      1.0,
      0.2941,
      0.2222,
      0.2,
      0.2941,
      0.1111,
      0.0,
      0.1429,
      0.0714,
      0.1818,
      0.3
    ],
    [
      0.1111,
      0.2353,
      0.5263,
      0.5,
      0.5263,
      0.7222,
      0.2941,
      0.3529,
      0.3529,
      0.7222,
      0.5,
      0.5,
      0.2941,
      1.0,
      0.2353,
      0.2941,
      0.7778,
      0.1765,
      0.0,
      0.3684,
      0.25,
      0.4375,
      0.3529
    ],
    [
      0.0,
      0.1111,
      0.2,
      0.0667,
      0.2857,
      0.25,
      0.0,
      0.0909,
      0.3333,
      0.3333,
      0.3333,
      0.2667,
      0.2222,
      0.2353,
      1.0,
      0.1,
      0.1667,
      0.125,
      0.0,
      0.3636,
      0.2727,
      0.0909,
      0.3333
    ],
    [
      0.1111,
      0.1,
      0.3571,
      0.3077,
      0.1875,
      0.3125,
      0.0909,
      0.3,
      0.0833,
      0.1667,
      0.2143,
      0.3333,
      0.2,
      0.2941,
      0.1,
      1.0,
      0.2941,
      0.1111,
      0.0,
      0.1429,
      0.25,
      0.1818,
      0.1818
    ],
    [
      0.25,
      0.2353,
      0.6111,
      0.5,
      0.6111,
      0.7222,
      0.375,
      0.3529,
      0.2778,
      0.7222,
      0.5,
      0.5789,
      0.2941,
      0.7778,
      0.1667,
      0.2941,
      1.0,
      0.1111,
      0.0,
      0.3684,
      0.3158,
      0.3529,
      0.2778
    ],
    [
      0.0,
      0.125,
      0.1333,
      0.25,
      0.2143,
      0.0556,
      0.1111,
      0.0,
      0.1,
      0.1176,
      0.1538,
      0.125,
      0.1111,
      0.1765,
      0.125,
      0.1111,
      0.1111,
      1.0,
      0.0,
      0.2727,
      0.0833,
      0.1,
      0.1
    ],
    [
      0.0,
      0.0,
      0.0,
      0.0,
      0.0,
      0.0,
      0.0,
      0.0,
      0.0,
      0.0,
      0.0,
      0.0,
      0.0,
      0.0,
      0.0,
      0.0,
      0.0,
      0.0,
      0.0,
      0.0,
      0.0,
      0.0,
      0.0
    ],
    [
      0.0769,
      0.1538,
      0.5333,
      0.4,
      0.4375,
      0.3889,
      0.2308,
      0.2143,
      0.4167,
      0.5625,
      0.5,
      0.3333,
      0.1429,
      0.3684,
      0.3636,
      0.1429,
      0.3684,
      0.2727,
      0.0,
      1.0,
      0.3571,
      0.0625,
      0.3077
    ],
    [
      0.3,
      0.0769,
      0.2941,
      0.1765,
      0.2941,
      0.4118,
      0.1538,
      0.2308,
      0.2308,
      0.3333,
      0.3333,
      0.5333,
      0.0714,
      0.25,
      0.2727,
      0.25,
      0.3158,
      0.0833,
      0.0,
      0.3571,
      1.0,
      0.1429,
      0.2308
    ],
    [
      0.0,
      0.2,
      0.25,
      0.2,
      0.3333,
      0.2941,
      0.1818,
      0.2727,
      0.1667,
      0.2941,
      0.2,
      0.3125,
      0.1818,
      0.4375,
      0.0909,
      0.1818,
      0.3529,
      0.1,
      0.0,
      0.0625,
      0.1429,
      1.0,
      0.0769
    ],
    [
      0.1,
      0.0909,
      0.1765,
      0.125,
      0.1765,
      0.375,
      0.1818,
      0.4,
      0.75,
      0.375,
      0.3846,
      0.4,
      0.3,
      0.3529,
      0.3333,
      0.1818,
      0.2778,
      0.1,
      0.0,
      0.3077,
      0.2308,
      0.0769,
      1.0
    ]
  ],
  "jena_analog_ranking": {
    "JENA31": [
      {
        "alias": "BIALA20",
        "jaccard": 1.0
      },
      {
        "alias": "GRANCHIO4",
        "jaccard": 1.0
      },
      {
        "alias": "MCKINLAY10",
        "jaccard": 1.0
      },
      {
        "alias": "BIALA19",
        "jaccard": 0.8333
      },
      {
        "alias": "BIALA21",
        "jaccard": 0.8333
      }
    ],
    "JENA31DW1": [
      {
        "alias": "HOBBES6",
        "jaccard": 1.0
      },
      {
        "alias": "MCKINLAY21",
        "jaccard": 1.0
      },
      {
        "alias": "MCKINLAY23",
        "jaccard": 1.0
      },
      {
        "alias": "STIMPEE6",
        "jaccard": 1.0
      },
      {
        "alias": "BIALA19",
        "jaccard": 0.8333
      }
    ]
  }
}