{
  "aliases": [
    "JENA31",
    "JENA31DW1",
    "BIALA19",
    "BIALA20",
    "BIALA21",
    "FROSTILLICUS2",
    "GRANCHIO4",
    "HOBBES5",
    "HOBBES6",
    "MCKINLAY20",
    "MCKINLAY21",
    "MCKINLAY22",
    "MCKINLAY23",
    "MCKINLAY24",
    "STIMPEE6",
    "STIMPEE7",
    "TERINGIE6"
  ],
  "feature_vocabulary": [
    "good_rock",
    "highperm",
    "lowres_over_good",
    "lowfluor_over_good",
    "matching_pay",
    "coarse_grain",
    "low_GR",
    "loose_grains"
  ],
  "presence_pct": 10.0,
  "feature_sets": {
    "JENA31": [
      "low_GR",
      "matching_pay"
    ],
    "JENA31DW1": [
      "coarse_grain",
      "good_rock",
      "low_GR",
      "matching_pay"
    ],
    "BIALA19": [
      "coarse_grain",
      "good_rock",
      "highperm",
      "low_GR",
      "matching_pay"
    ],
    "BIALA20": [
      "good_rock",
      "highperm",
      "low_GR",
      "matching_pay"
    ],
    "BIALA21": [
      "good_rock",
      "low_GR",
      "lowres_over_good",
      "matching_pay"
    ],
    "FROSTILLICUS2": [
      "coarse_grain",
      "good_rock",
      "low_GR",
      "matching_pay"
    ],
    "GRANCHIO4": [
      "good_rock",
      "low_GR",
      "matching_pay"
    ],
    "HOBBES5": [
      "low_GR",
      "matching_pay"
    ],
    "HOBBES6": [
      "coarse_grain",
      "good_rock",
      "low_GR",
      "matching_pay"
    ],
    "MCKINLAY20": [
      "coarse_grain",
      "good_rock",
      "low_GR",
      "matching_pay"
    ],
    "MCKINLAY21": [
      "coarse_grain",
      "good_rock",
      "low_GR",
      "matching_pay"
    ],
    "MCKINLAY22": [
      "coarse_grain",
      "good_rock",
      "low_GR",
      "lowres_over_good",
      "matching_pay"
    ],
    "MCKINLAY23": [
      "coarse_grain",
      "good_rock",
      "low_GR",
      "matching_pay"
    ],
    "MCKINLAY24": [
      "coarse_grain",
      "good_rock",
      "low_GR",
      "matching_pay"
    ],
    "STIMPEE6": [
      "coarse_grain",
      "good_rock",
      "low_GR",
      "matching_pay"
    ],
    "STIMPEE7": [
      "low_GR",
      "matching_pay"
    ],
    "TERINGIE6": [
      "good_rock",
      "loose_grains",
      "low_GR",
      "lowfluor_over_good",
      "matching_pay"
    ]
  },
  "matrix": [
    [
      1.0,
      0.5,
      0.4,
      0.5,
      0.5,
      0.5,
      0.6667,
      1.0,
      0.5,
      0.5,
      0.5,
      0.4,
      0.5,
      0.5,
      0.5,
      1.0,
      0.4
    ],
    [
      0.5,
      1.0,
      0.8,
      0.6,
      0.6,
      1.0,
      0.75,
      0.5,
      1.0,
      1.0,
      1.0,
      0.8,
      1.0,
      1.0,
      1.0,
      0.5,
      0.5
    ],
    [
      0.4,
      0.8,
      1.0,
      0.8,
      0.5,
      0.8,
      0.6,
      0.4,
      0.8,
      0.8,
      0.8,
      0.6667,
      0.8,
      0.8,
      0.8,
      0.4,
      0.4286
    ],
    [
      0.5,
      0.6,
      0.8,
      1.0,
      0.6,
      0.6,
      0.75,
      0.5,
      0.6,
      0.6,
      0.6,
      0.5,
      0.6,
      0.6,
      0.6,
      0.5,
      0.5
    ],
    [
      0.5,
      0.6,
      0.5,
      0.6,
      1.0,
      0.6,
      0.75,
      0.5,
      0.6,
      0.6,
      0.6,
      0.8,
      0.6,
      0.6,
      0.6,
      0.5,
      0.5
    ],
    [
      0.5,
      1.0,
      0.8,
      0.6,
      0.6,
      1.0,
      0.75,
      0.5,
      1.0,
      1.0,
      1.0,
      0.8,
      1.0,
      1.0,
      1.0,
      0.5,
      0.5
    ],
    [
      0.6667,
      0.75,
      0.6,
      0.75,
      0.75,
      0.75,
      1.0,
      0.6667,
      0.75,
      0.75,
      0.75,
      0.6,
      0.75,
      0.75,
      0.75,
      0.6667,
      0.6
    ],
    [
      1.0,
      0.5,
      0.4,
      0.5,
      0.5,
      0.5,
      0.6667,
      1.0,
      0.5,
      0.5,
      0.5,
      0.4,
      0.5,
      0.5,
      0.5,
      1.0,
      0.4
    ],
    [
      0.5,
      1.0,
      0.8,
      0.6,
      0.6,
      1.0,
      0.75,
      0.5,
      1.0,
      1.0,
      1.0,
      0.8,
      1.0,
      1.0,
      1.0,
      0.5,
      0.5
    ],
    [
      0.5,
      1.0,
      0.8,
      0.6,
      0.6,
      1.0,
      0.75,
      0.5,
      1.0,
      1.0,
      1.0,
      0.8,
      1.0,
      1.0,
      1.0,
      0.5,
      0.5
    ],
    [
      0.5,
      1.0,
      0.8,
      0.6,
      0.6,
      1.0,
      0.75,
      0.5,
      1.0,
      1.0,
      1.0,
      0.8,
      1.0,
      1.0,
      1.0,
      0.5,
      0.5
    ],
    [
      0.4,
      0.8,
      0.6667,
      0.5,
      0.8,
      0.8,
      0.6,
      0.4,
      0.8,
      0.8,
      0.8,
      1.0,
      0.8,
      0.8,
      0.8,
      0.4,
      0.4286
    ],
    [
      0.5,
      1.0,
      0.8,
      0.6,
      0.6,
      1.0,
      0.75,
      0.5,
      1.0,
      1.0,
      1.0,
      0.8,
      1.0,
      1.0,
      1.0,
      0.5,
      0.5
    ],
    [
      0.5,
      1.0,
      0.8,
      0.6,
      0.6,
      1.0,
      0.75,
      0.5,
      1.0,
      1.0,
      1.0,
      0.8,
      1.0,
      1.0,
      1.0,
      0.5,
      0.5
    ],
    [
      0.5,
      1.0,
      0.8,
      0.6,
      0.6,
      1.0,
      0.75,
      0.5,
      1.0,
      1.0,
      1.0,
      0.8,
      1.0,
      1.0,
      1.0,
      0.5,
      0.5
    ],
    [
      1.0,
      0.5,
      0.4,
      0.5,
      0.5,
      0.5,
      0.6667,
      1.0,
      0.5,
      0.5,
      0.5,
      0.4,
      0.5,
      0.5,
      0.5,
      1.0,
      0.4
    ],
    [
      0.4,
      0.5,
      0.4286,
      0.5,
      0.5,
      0.5,
      0.6,
      0.4,
      0.5,
      0.5,
      0.5,
      0.4286,
      0.5,
      0.5,
      0.5,
      0.4,
      1.0
    ]
  ],
  "depth_binned_matrix": [
    [
      1.0,
      0.1111,
      0.1667,
      0.0909,
      0.1,
      0.1538,
      0.1429,
      0.0,
      0.0,
      0.0769,
      0.1,
      0.1538,
      0.125,
      0.0,
      0.0,
      0.0,
      0.2
    ],
    [
      0.1111,
      1.0,
      0.2,
      0.3333,
      0.1538,
      0.2667,
      0.2,
      0.1111,
      0.1,
      0.2,
      0.0714,
      0.2667,
      0.1818,
      0.3333,
      0.0,
      0.0,
      0.375
    ],
    [
      0.1667,
      0.2,
      1.0,
      0.5385,
      0.3571,
      0.4375,
      0.2308,
      0.0769,
      0.1538,
      0.4667,
      0.2667,
      0.3529,
      0.4167,
      0.3333,
      0.1429,
      0.0909,
      0.5294
    ],
    [
      0.0909,
      0.3333,
      0.5385,
      1.0,
      0.2143,
      0.2353,
      0.1667,
      0.0909,
      0.0833,
      0.4286,
      0.2143,
      0.2353,
      0.3636,
      0.3846,
      0.0769,
      0.0,
      0.3333
    ],
    [
      0.1,
      0.1538,
      0.3571,
      0.2143,
      1.0,
      0.3333,
      0.0833,
      0.1,
      0.0909,
      0.1875,
      0.2308,
      0.5385,
      0.5556,
      0.3077,
      0.1818,
      0.0,
      0.2778
    ],
    [
      0.1538,
      0.2667,
      0.4375,
      0.2353,
      0.3333,
      1.0,
      0.4167,
      0.0714,
      0.2308,
      0.4375,
      0.25,
      0.3333,
      0.125,
      0.3125,
      0.1333,
      0.0833,
      0.6875
    ],
    [
      0.1429,
      0.2,
      0.2308,
      0.1667,
      0.0833,
      0.4167,
      1.0,
      0.0,
      0.125,
      0.3333,
      0.4444,
      0.0625,
      0.1,
      0.0769,
      0.0,
      0.2,
      0.25
    ],
    [
      0.0,
      0.1111,
      0.0769,
      0.0909,
      0.1,
      0.0714,
      0.0,
      1.0,
      0.1667,
      0.1667,
      0.1,
      0.1538,
      0.125,
      0.3333,
      0.1429,
      0.0,
      0.125
    ],
    [
      0.0,
      0.1,
      0.1538,
      0.0833,
      0.0909,
      0.2308,
      0.125,
      0.1667,
      1.0,
      0.25,
      0.0909,
      0.1429,
      0.0,
      0.3,
      0.2857,
      0.0,
      0.1875
    ],
    [
      0.0769,
      0.2,
      0.4667,
      0.4286,
      0.1875,
      0.4375,
      0.3333,
      0.1667,
      0.25,
      1.0,
      0.3571,
      0.2778,
      0.1333,
      0.25,
      0.3333,
      0.0909,
      0.5294
    ],
    [
      0.1,
      0.0714,
      0.2667,
      0.2143,
      0.2308,
      0.25,
      0.4444,
      0.1,
      0.0909,
      0.3571,
      1.0,
      0.1765,
      0.2727,
      0.1333,
      0.3,
      0.125,
      0.2105
    ],
    [
      0.1538,
      0.2667,
      0.3529,
      0.2353,
      0.5385,
      0.3333,
      0.0625,
      0.1538,
      0.1429,
      0.2778,
      0.1765,
      1.0,
      0.3846,
      0.3125,
      0.2143,
      0.0,
      0.5882
    ],
    [
      0.125,
      0.1818,
      0.4167,
      0.3636,
      0.5556,
      0.125,
      0.1,
      0.125,
      0.0,
      0.1333,
      0.2727,
      0.3846,
      1.0,
      0.25,
      0.1,
      0.0,
      0.1667
    ],
    [
      0.0,
      0.3333,
      0.3333,
      0.3846,
      0.3077,
      0.3125,
      0.0769,
      0.3333,
      0.3,
      0.25,
      0.1333,
      0.3125,
      0.25,
      1.0,
      0.1667,
      0.0,
      0.3333
    ],
    [
      0.0,
      0.0,
      0.1429,
      0.0769,
      0.1818,
      0.1333,
      0.0,
      0.1429,
      0.2857,
      0.3333,
      0.3,
      0.2143,
      0.1,
      0.1667,
      1.0,
      0.0,
      0.1765
    ],
    [
      0.0,
      0.0,
      0.0909,
      0.0,
      0.0,
      0.0833,
      0.2,
      0.0,
      0.0,
      0.0909,
      0.125,
      0.0,
      0.0,
      0.0,
      0.0,
      1.0,
      0.0667
    ],
    [
      0.2,
      0.375,
      0.5294,
      0.3333,
      0.2778,
      0.6875,
      0.25,
      0.125,
      0.1875,
      0.5294,
      0.2105,
      0.5882,
      0.1667,
      0.3333,
      0.1765,
      0.0667,
      1.0
    ]
  ],
  "jena_analog_ranking": {
    "JENA31": [
      {
        "alias": "HOBBES5",
        "jaccard": 1.0
      },
      {
        "alias": "STIMPEE7",
        "jaccard": 1.0
      },
      {
        "alias": "GRANCHIO4",
        "jaccard": 0.6667
      },
      {
        "alias": "JENA31DW1",
        "jaccard": 0.5
      },
      {
        "alias": "BIALA20",
        "jaccard": 0.5
      }
    ],
    "JENA31DW1": [
      {
        "alias": "FROSTILLICUS2",
        "jaccard": 1.0
      },
      {
        "alias": "HOBBES6",
        "jaccard": 1.0
      },
      {
        "alias": "MCKINLAY20",
        "jaccard": 1.0
      },
      {
        "alias": "MCKINLAY21",
        "jaccard": 1.0
      },
      {
        "alias": "MCKINLAY23",
        "jaccard": 1.0
      }
    ]
  }
}