{
  "aliases": [
    "JENA31",
    "JENA31DW1",
    "BIALA19",
    "BIALA20",
    "BIALA21",
    "FROSTILLICUS2",
    "GRANCHIO4",
    "HOBBES5",
    "HOBBES6",
    "MCKINLAY20",
    "MCKINLAY21",
    "MCKINLAY22",
    "MCKINLAY23",
    "MCKINLAY24",
    "STIMPEE6",
    "STIMPEE7",
    "TERINGIE6"
  ],
  "feature_vocabulary": [
    "good_rock",
    "highperm",
    "lowres_over_good",
    "lowfluor_over_good",
    "matching_pay",
    "coarse_grain",
    "low_GR",
    "loose_grains"
  ],
  "presence_pct": 10.0,
  "feature_sets": {
    "JENA31": [
      "good_rock",
      "highperm",
      "loose_grains",
      "low_GR",
      "matching_pay"
    ],
    "JENA31DW1": [
      "coarse_grain",
      "good_rock",
      "highperm",
      "loose_grains",
      "low_GR",
      "matching_pay"
    ],
    "BIALA19": [
      "coarse_grain",
      "good_rock",
      "highperm",
      "loose_grains",
      "low_GR",
      "matching_pay"
    ],
    "BIALA20": [
      "good_rock",
      "highperm",
      "loose_grains",
      "low_GR",
      "matching_pay"
    ],
    "BIALA21": [
      "good_rock",
      "highperm",
      "loose_grains",
      "low_GR",
      "lowres_over_good",
      "matching_pay"
    ],
    "FROSTILLICUS2": [
      "coarse_grain",
      "good_rock",
      "low_GR",
      "matching_pay"
    ],
    "GRANCHIO4": [
      "good_rock",
      "loose_grains",
      "low_GR",
      "matching_pay"
    ],
    "HOBBES5": [
      "good_rock",
      "loose_grains",
      "low_GR",
      "matching_pay"
    ],
    "HOBBES6": [
      "coarse_grain",
      "good_rock",
      "loose_grains",
      "low_GR",
      "matching_pay"
    ],
    "MCKINLAY20": [
      "coarse_grain",
      "good_rock",
      "loose_grains",
      "low_GR",
      "matching_pay"
    ],
    "MCKINLAY21": [
      "coarse_grain",
      "good_rock",
      "low_GR",
      "matching_pay"
    ],
    "MCKINLAY22": [
      "coarse_grain",
      "good_rock",
      "highperm",
      "loose_grains",
      "low_GR",
      "lowres_over_good",
      "matching_pay"
    ],
    "MCKINLAY23": [
      "coarse_grain",
      "good_rock",
      "loose_grains",
      "low_GR",
      "matching_pay"
    ],
    "MCKINLAY24": [
      "coarse_grain",
      "good_rock",
      "low_GR",
      "matching_pay"
    ],
    "STIMPEE6": [
      "coarse_grain",
      "good_rock",
      "highperm",
      "loose_grains",
      "low_GR",
      "matching_pay"
    ],
    "STIMPEE7": [
      "good_rock",
      "loose_grains",
      "low_GR",
      "matching_pay"
    ],
    "TERINGIE6": [
      "good_rock",
      "highperm",
      "loose_grains",
      "low_GR",
      "lowfluor_over_good",
      "matching_pay"
    ]
  },
  "matrix": [
    [
      1.0,
      0.8333,
      0.8333,
      1.0,
      0.8333,
      0.5,
      0.8,
      0.8,
      0.6667,
      0.6667,
      0.5,
      0.7143,
      0.6667,
      0.5,
      0.8333,
      0.8,
      0.8333
    ],
    [
      0.8333,
      1.0,
      1.0,
      0.8333,
      0.7143,
      0.6667,
      0.6667,
      0.6667,
      0.8333,
      0.8333,
      0.6667,
      0.8571,
      0.8333,
      0.6667,
      1.0,
      0.6667,
      0.7143
    ],
    [
      0.8333,
      1.0,
      1.0,
      0.8333,
      0.7143,
      0.6667,
      0.6667,
      0.6667,
      0.8333,
      0.8333,
      0.6667,
      0.8571,
      0.8333,
      0.6667,
      1.0,
      0.6667,
      0.7143
    ],
    [
      1.0,
      0.8333,
      0.8333,
      1.0,
      0.8333,
      0.5,
      0.8,
      0.8,
      0.6667,
      0.6667,
      0.5,
      0.7143,
      0.6667,
      0.5,
      0.8333,
      0.8,
      0.8333
    ],
    [
      0.8333,
      0.7143,
      0.7143,
      0.8333,
      1.0,
      0.4286,
      0.6667,
      0.6667,
      0.5714,
      0.5714,
      0.4286,
      0.8571,
      0.5714,
      0.4286,
      0.7143,
      0.6667,
      0.7143
    ],
    [
      0.5,
      0.6667,
      0.6667,
      0.5,
      0.4286,
      1.0,
      0.6,
      0.6,
      0.8,
      0.8,
      1.0,
      0.5714,
      0.8,
      1.0,
      0.6667,
      0.6,
      0.4286
    ],
    [
      0.8,
      0.6667,
      0.6667,
      0.8,
      0.6667,
      0.6,
      1.0,
      1.0,
      0.8,
      0.8,
      0.6,
      0.5714,
      0.8,
      0.6,
      0.6667,
      1.0,
      0.6667
    ],
    [
      0.8,
      0.6667,
      0.6667,
      0.8,
      0.6667,
      0.6,
      1.0,
      1.0,
      0.8,
      0.8,
      0.6,
      0.5714,
      0.8,
      0.6,
      0.6667,
      1.0,
      0.6667
    ],
    [
      0.6667,
      0.8333,
      0.8333,
      0.6667,
      0.5714,
      0.8,
      0.8,
      0.8,
      1.0,
      1.0,
      0.8,
      0.7143,
      1.0,
      0.8,
      0.8333,
      0.8,
      0.5714
    ],
    [
      0.6667,
      0.8333,
      0.8333,
      0.6667,
      0.5714,
      0.8,
      0.8,
      0.8,
      1.0,
      1.0,
      0.8,
      0.7143,
      1.0,
      0.8,
      0.8333,
      0.8,
      0.5714
    ],
    [
      0.5,
      0.6667,
      0.6667,
      0.5,
      0.4286,
      1.0,
      0.6,
      0.6,
      0.8,
      0.8,
      1.0,
      0.5714,
      0.8,
      1.0,
      0.6667,
      0.6,
      0.4286
    ],
    [
      0.7143,
      0.8571,
      0.8571,
      0.7143,
      0.8571,
      0.5714,
      0.5714,
      0.5714,
      0.7143,
      0.7143,
      0.5714,
      1.0,
      0.7143,
      0.5714,
      0.8571,
      0.5714,
      0.625
    ],
    [
      0.6667,
      0.8333,
      0.8333,
      0.6667,
      0.5714,
      0.8,
      0.8,
      0.8,
      1.0,
      1.0,
      0.8,
      0.7143,
      1.0,
      0.8,
      0.8333,
      0.8,
      0.5714
    ],
    [
      0.5,
      0.6667,
      0.6667,
      0.5,
      0.4286,
      1.0,
      0.6,
      0.6,
      0.8,
      0.8,
      1.0,
      0.5714,
      0.8,
      1.0,
      0.6667,
      0.6,
      0.4286
    ],
    [
      0.8333,
      1.0,
      1.0,
      0.8333,
      0.7143,
      0.6667,
      0.6667,
      0.6667,
      0.8333,
      0.8333,
      0.6667,
      0.8571,
      0.8333,
      0.6667,
      1.0,
      0.6667,
      0.7143
    ],
    [
      0.8,
      0.6667,
      0.6667,
      0.8,
      0.6667,
      0.6,
      1.0,
      1.0,
      0.8,
      0.8,
      0.6,
      0.5714,
      0.8,
      0.6,
      0.6667,
      1.0,
      0.6667
    ],
    [
      0.8333,
      0.7143,
      0.7143,
      0.8333,
      0.7143,
      0.4286,
      0.6667,
      0.6667,
      0.5714,
      0.5714,
      0.4286,
      0.625,
      0.5714,
      0.4286,
      0.7143,
      0.6667,
      1.0
    ]
  ],
  "depth_binned_matrix": [
    [
      1.0,
      0.3636,
      0.1765,
      0.3077,
      0.125,
      0.2143,
      0.5,
      0.1,
      0.2,
      0.1429,
      0.0833,
      0.2857,
      0.2222,
      0.0769,
      0.0,
      0.1667,
      0.2941
    ],
    [
      0.3636,
      1.0,
      0.3158,
      0.375,
      0.2778,
      0.2941,
      0.3077,
      0.2308,
      0.2143,
      0.4,
      0.2,
      0.3529,
      0.1429,
      0.2667,
      0.2,
      0.0909,
      0.5
    ],
    [
      0.1765,
      0.3158,
      1.0,
      0.5882,
      0.5556,
      0.4211,
      0.2941,
      0.3125,
      0.2941,
      0.5294,
      0.4375,
      0.5556,
      0.4,
      0.4118,
      0.4375,
      0.1333,
      0.6842
    ],
    [
      0.3077,
      0.375,
      0.5882,
      1.0,
      0.4706,
      0.3333,
      0.3571,
      0.125,
      0.2667,
      0.4375,
      0.25,
      0.4706,
      0.5,
      0.3125,
      0.25,
      0.0769,
      0.45
    ],
    [
      0.125,
      0.2778,
      0.5556,
      0.4706,
      1.0,
      0.5625,
      0.25,
      0.1875,
      0.25,
      0.4118,
      0.4,
      0.5294,
      0.3571,
      0.2941,
      0.4,
      0.0714,
      0.5789
    ],
    [
      0.2143,
      0.2941,
      0.4211,
      0.3333,
      0.5625,
      1.0,
      0.4615,
      0.2,
      0.3571,
      0.4375,
      0.25,
      0.3889,
      0.125,
      0.3125,
      0.25,
      0.1667,
      0.7059
    ],
    [
      0.5,
      0.3077,
      0.2941,
      0.3571,
      0.25,
      0.4615,
      1.0,
      0.0,
      0.1667,
      0.3846,
      0.3636,
      0.25,
      0.1818,
      0.0667,
      0.0714,
      0.2857,
      0.4118
    ],
    [
      0.1,
      0.2308,
      0.3125,
      0.125,
      0.1875,
      0.2,
      0.0,
      1.0,
      0.4444,
      0.1333,
      0.0769,
      0.3571,
      0.2,
      0.6667,
      0.0769,
      0.0,
      0.3529
    ],
    [
      0.2,
      0.2143,
      0.2941,
      0.2667,
      0.25,
      0.3571,
      0.1667,
      0.4444,
      1.0,
      0.2857,
      0.1538,
      0.25,
      0.1818,
      0.6,
      0.1538,
      0.0,
      0.4118
    ],
    [
      0.1429,
      0.4,
      0.5294,
      0.4375,
      0.4118,
      0.4375,
      0.3846,
      0.1333,
      0.2857,
      1.0,
      0.3571,
      0.3333,
      0.1333,
      0.25,
      0.4615,
      0.0833,
      0.6471
    ],
    [
      0.0833,
      0.2,
      0.4375,
      0.25,
      0.4,
      0.25,
      0.3636,
      0.0769,
      0.1538,
      0.3571,
      1.0,
      0.2353,
      0.2727,
      0.1333,
      0.4545,
      0.1111,
      0.3158
    ],
    [
      0.2857,
      0.3529,
      0.5556,
      0.4706,
      0.5294,
      0.3889,
      0.25,
      0.3571,
      0.25,
      0.3333,
      0.2353,
      1.0,
      0.3571,
      0.2941,
      0.2353,
      0.0714,
      0.5789
    ],
    [
      0.2222,
      0.1429,
      0.4,
      0.5,
      0.3571,
      0.125,
      0.1818,
      0.2,
      0.1818,
      0.1333,
      0.2727,
      0.3571,
      1.0,
      0.25,
      0.1667,
      0.1429,
      0.2105
    ],
    [
      0.0769,
      0.2667,
      0.4118,
      0.3125,
      0.2941,
      0.3125,
      0.0667,
      0.6667,
      0.6,
      0.25,
      0.1333,
      0.2941,
      0.25,
      1.0,
      0.1333,
      0.0,
      0.4444
    ],
    [
      0.0,
      0.2,
      0.4375,
      0.25,
      0.4,
      0.25,
      0.0714,
      0.0769,
      0.1538,
      0.4615,
      0.4545,
      0.2353,
      0.1667,
      0.1333,
      1.0,
      0.1111,
      0.3158
    ],
    [
      0.1667,
      0.0909,
      0.1333,
      0.0769,
      0.0714,
      0.1667,
      0.2857,
      0.0,
      0.0,
      0.0833,
      0.1111,
      0.0714,
      0.1429,
      0.0,
      0.1111,
      1.0,
      0.1176
    ],
    [
      0.2941,
      0.5,
      0.6842,
      0.45,
      0.5789,
      0.7059,
      0.4118,
      0.3529,
      0.4118,
      0.6471,
      0.3158,
      0.5789,
      0.2105,
      0.4444,
      0.3158,
      0.1176,
      1.0
    ]
  ],
  "jena_analog_ranking": {
    "JENA31": [
      {
        "alias": "BIALA20",
        "jaccard": 1.0
      },
      {
        "alias": "JENA31DW1",
        "jaccard": 0.8333
      },
      {
        "alias": "BIALA19",
        "jaccard": 0.8333
      },
      {
        "alias": "BIALA21",
        "jaccard": 0.8333
      },
      {
        "alias": "STIMPEE6",
        "jaccard": 0.8333
      }
    ],
    "JENA31DW1": [
      {
        "alias": "BIALA19",
        "jaccard": 1.0
      },
      {
        "alias": "STIMPEE6",
        "jaccard": 1.0
      },
      {
        "alias": "MCKINLAY22",
        "jaccard": 0.8571
      },
      {
        "alias": "JENA31",
        "jaccard": 0.8333
      },
      {
        "alias": "BIALA20",
        "jaccard": 0.8333
      }
    ]
  }
}