{
  "aliases": [
    "JENA31",
    "JENA31DW1",
    "BIALA19",
    "BIALA20",
    "BIALA21",
    "FROSTILLICUS2",
    "GRANCHIO4",
    "HOBBES5",
    "HOBBES6",
    "MCKINLAY20",
    "MCKINLAY21",
    "MCKINLAY22",
    "MCKINLAY23",
    "MCKINLAY24",
    "STIMPEE6",
    "STIMPEE7",
    "TERINGIE6",
    "MCKINLAY10",
    "MCKINLAY11",
    "MCKINLAY12",
    "MCKINLAY13",
    "MCKINLAY14",
    "MCKINLAY15"
  ],
  "feature_vocabulary": [
    "good_rock",
    "lowres_over_good",
    "lowfluor_over_good",
    "low_GR",
    "ZOI",
    "matching_pay",
    "coarse_grain",
    "loose_hardness"
  ],
  "presence_pct": 10.0,
  "feature_sets": {
    "JENA31": [
      "good_rock",
      "loose_hardness",
      "matching_pay"
    ],
    "JENA31DW1": [
      "coarse_grain",
      "good_rock",
      "loose_hardness",
      "low_GR",
      "matching_pay"
    ],
    "BIALA19": [
      "coarse_grain",
      "good_rock",
      "loose_hardness",
      "low_GR",
      "matching_pay"
    ],
    "BIALA20": [
      "good_rock",
      "loose_hardness",
      "low_GR",
      "matching_pay"
    ],
    "BIALA21": [
      "ZOI",
      "good_rock",
      "loose_hardness",
      "low_GR",
      "lowres_over_good",
      "matching_pay"
    ],
    "FROSTILLICUS2": [
      "coarse_grain",
      "good_rock",
      "loose_hardness",
      "low_GR",
      "matching_pay"
    ],
    "GRANCHIO4": [
      "good_rock",
      "loose_hardness",
      "low_GR",
      "matching_pay"
    ],
    "HOBBES5": [
      "good_rock",
      "loose_hardness",
      "lowres_over_good",
      "matching_pay"
    ],
    "HOBBES6": [
      "coarse_grain",
      "good_rock",
      "loose_hardness",
      "matching_pay"
    ],
    "MCKINLAY20": [
      "coarse_grain",
      "good_rock",
      "lowres_over_good",
      "matching_pay"
    ],
    "MCKINLAY21": [
      "coarse_grain",
      "good_rock",
      "loose_hardness",
      "lowres_over_good",
      "matching_pay"
    ],
    "MCKINLAY22": [
      "coarse_grain",
      "good_rock",
      "loose_hardness",
      "lowres_over_good",
      "matching_pay"
    ],
    "MCKINLAY23": [
      "coarse_grain",
      "good_rock",
      "loose_hardness",
      "low_GR",
      "matching_pay"
    ],
    "MCKINLAY24": [
      "coarse_grain",
      "good_rock",
      "low_GR",
      "lowres_over_good",
      "matching_pay"
    ],
    "STIMPEE6": [
      "coarse_grain",
      "good_rock",
      "loose_hardness",
      "matching_pay"
    ],
    "STIMPEE7": [
      "good_rock",
      "loose_hardness",
      "matching_pay"
    ],
    "TERINGIE6": [
      "good_rock",
      "loose_hardness",
      "lowfluor_over_good",
      "lowres_over_good",
      "matching_pay"
    ],
    "MCKINLAY10": [
      "good_rock",
      "loose_hardness",
      "matching_pay"
    ],
    "MCKINLAY11": [
      "good_rock",
      "loose_hardness",
      "matching_pay"
    ],
    "MCKINLAY12": [
      "good_rock",
      "loose_hardness",
      "matching_pay"
    ],
    "MCKINLAY13": [
      "good_rock",
      "loose_hardness",
      "matching_pay"
    ],
    "MCKINLAY14": [
      "good_rock",
      "loose_hardness",
      "matching_pay"
    ],
    "MCKINLAY15": [
      "good_rock",
      "loose_hardness",
      "matching_pay"
    ]
  },
  "matrix": [
    [
      1.0,
      0.6,
      0.6,
      0.75,
      0.5,
      0.6,
      0.75,
      0.75,
      0.75,
      0.4,
      0.6,
      0.6,
      0.6,
      0.3333,
      0.75,
      1.0,
      0.6,
      1.0,
      1.0,
      1.0,
      1.0,
      1.0,
      1.0
    ],
    [
      0.6,
      1.0,
      1.0,
      0.8,
      0.5714,
      1.0,
      0.8,
      0.5,
      0.8,
      0.5,
      0.6667,
      0.6667,
      1.0,
      0.6667,
      0.8,
      0.6,
      0.4286,
      0.6,
      0.6,
      0.6,
      0.6,
      0.6,
      0.6
    ],
    [
      0.6,
      1.0,
      1.0,
      0.8,
      0.5714,
      1.0,
      0.8,
      0.5,
      0.8,
      0.5,
      0.6667,
      0.6667,
      1.0,
      0.6667,
      0.8,
      0.6,
      0.4286,
      0.6,
      0.6,
      0.6,
      0.6,
      0.6,
      0.6
    ],
    [
      0.75,
      0.8,
      0.8,
      1.0,
      0.6667,
      0.8,
      1.0,
      0.6,
      0.6,
      0.3333,
      0.5,
      0.5,
      0.8,
      0.5,
      0.6,
      0.75,
      0.5,
      0.75,
      0.75,
      0.75,
      0.75,
      0.75,
      0.75
    ],
    [
      0.5,
      0.5714,
      0.5714,
      0.6667,
      1.0,
      0.5714,
      0.6667,
      0.6667,
      0.4286,
      0.4286,
      0.5714,
      0.5714,
      0.5714,
      0.5714,
      0.4286,
      0.5,
      0.5714,
      0.5,
      0.5,
      0.5,
      0.5,
      0.5,
      0.5
    ],
    [
      0.6,
      1.0,
      1.0,
      0.8,
      0.5714,
      1.0,
      0.8,
      0.5,
      0.8,
      0.5,
      0.6667,
      0.6667,
      1.0,
      0.6667,
      0.8,
      0.6,
      0.4286,
      0.6,
      0.6,
      0.6,
      0.6,
      0.6,
      0.6
    ],
    [
      0.75,
      0.8,
      0.8,
      1.0,
      0.6667,
      0.8,
      1.0,
      0.6,
      0.6,
      0.3333,
      0.5,
      0.5,
      0.8,
      0.5,
      0.6,
      0.75,
      0.5,
      0.75,
      0.75,
      0.75,
      0.75,
      0.75,
      0.75
    ],
    [
      0.75,
      0.5,
      0.5,
      0.6,
      0.6667,
      0.5,
      0.6,
      1.0,
      0.6,
      0.6,
      0.8,
      0.8,
      0.5,
      0.5,
      0.6,
      0.75,
      0.8,
      0.75,
      0.75,
      0.75,
      0.75,
      0.75,
      0.75
    ],
    [
      0.75,
      0.8,
      0.8,
      0.6,
      0.4286,
      0.8,
      0.6,
      0.6,
      1.0,
      0.6,
      0.8,
      0.8,
      0.8,
      0.5,
      1.0,
      0.75,
      0.5,
      0.75,
      0.75,
      0.75,
      0.75,
      0.75,
      0.75
    ],
    [
      0.4,
      0.5,
      0.5,
      0.3333,
      0.4286,
      0.5,
      0.3333,
      0.6,
      0.6,
      1.0,
      0.8,
      0.8,
      0.5,
      0.8,
      0.6,
      0.4,
      0.5,
      0.4,
      0.4,
      0.4,
      0.4,
      0.4,
      0.4
    ],
    [
      0.6,
      0.6667,
      0.6667,
      0.5,
      0.5714,
      0.6667,
      0.5,
      0.8,
      0.8,
      0.8,
      1.0,
      1.0,
      0.6667,
      0.6667,
      0.8,
      0.6,
      0.6667,
      0.6,
      0.6,
      0.6,
      0.6,
      0.6,
      0.6
    ],
    [
      0.6,
      0.6667,
      0.6667,
      0.5,
      0.5714,
      0.6667,
      0.5,
      0.8,
      0.8,
      0.8,
      1.0,
      1.0,
      0.6667,
      0.6667,
      0.8,
      0.6,
      0.6667,
      0.6,
      0.6,
      0.6,
      0.6,
      0.6,
      0.6
    ],
    [
      0.6,
      1.0,
      1.0,
      0.8,
      0.5714,
      1.0,
      0.8,
      0.5,
      0.8,
      0.5,
      0.6667,
      0.6667,
      1.0,
      0.6667,
      0.8,
      0.6,
      0.4286,
      0.6,
      0.6,
      0.6,
      0.6,
      0.6,
      0.6
    ],
    [
      0.3333,
      0.6667,
      0.6667,
      0.5,
      0.5714,
      0.6667,
      0.5,
      0.5,
      0.5,
      0.8,
      0.6667,
      0.6667,
      0.6667,
      1.0,
      0.5,
      0.3333,
      0.4286,
      0.3333,
      0.3333,
      0.3333,
      0.3333,
      0.3333,
      0.3333
    ],
    [
      0.75,
      0.8,
      0.8,
      0.6,
      0.4286,
      0.8,
      0.6,
      0.6,
      1.0,
      0.6,
      0.8,
      0.8,
      0.8,
      0.5,
      1.0,
      0.75,
      0.5,
      0.75,
      0.75,
      0.75,
      0.75,
      0.75,
      0.75
    ],
    [
      1.0,
      0.6,
      0.6,
      0.75,
      0.5,
      0.6,
      0.75,
      0.75,
      0.75,
      0.4,
      0.6,
      0.6,
      0.6,
      0.3333,
      0.75,
      1.0,
      0.6,
      1.0,
      1.0,
      1.0,
      1.0,
      1.0,
      1.0
    ],
    [
      0.6,
      0.4286,
      0.4286,
      0.5,
      0.5714,
      0.4286,
      0.5,
      0.8,
      0.5,
      0.5,
      0.6667,
      0.6667,
      0.4286,
      0.4286,
      0.5,
      0.6,
      1.0,
      0.6,
      0.6,
      0.6,
      0.6,
      0.6,
      0.6
    ],
    [
      1.0,
      0.6,
      0.6,
      0.75,
      0.5,
      0.6,
      0.75,
      0.75,
      0.75,
      0.4,
      0.6,
      0.6,
      0.6,
      0.3333,
      0.75,
      1.0,
      0.6,
      1.0,
      1.0,
      1.0,
      1.0,
      1.0,
      1.0
    ],
    [
      1.0,
      0.6,
      0.6,
      0.75,
      0.5,
      0.6,
      0.75,
      0.75,
      0.75,
      0.4,
      0.6,
      0.6,
      0.6,
      0.3333,
      0.75,
      1.0,
      0.6,
      1.0,
      1.0,
      1.0,
      1.0,
      1.0,
      1.0
    ],
    [
      1.0,
      0.6,
      0.6,
      0.75,
      0.5,
      0.6,
      0.75,
      0.75,
      0.75,
      0.4,
      0.6,
      0.6,
      0.6,
      0.3333,
      0.75,
      1.0,
      0.6,
      1.0,
      1.0,
      1.0,
      1.0,
      1.0,
      1.0
    ],
    [
      1.0,
      0.6,
      0.6,
      0.75,
      0.5,
      0.6,
      0.75,
      0.75,
      0.75,
      0.4,
      0.6,
      0.6,
      0.6,
      0.3333,
      0.75,
      1.0,
      0.6,
      1.0,
      1.0,
      1.0,
      1.0,
      1.0,
      1.0
    ],
    [
      1.0,
      0.6,
      0.6,
      0.75,
      0.5,
      0.6,
      0.75,
      0.75,
      0.75,
      0.4,
      0.6,
      0.6,
      0.6,
      0.3333,
      0.75,
      1.0,
      0.6,
      1.0,
      1.0,
      1.0,
      1.0,
      1.0,
      1.0
    ],
    [
      1.0,
      0.6,
      0.6,
      0.75,
      0.5,
      0.6,
      0.75,
      0.75,
      0.75,
      0.4,
      0.6,
      0.6,
      0.6,
      0.3333,
      0.75,
      1.0,
      0.6,
      1.0,
      1.0,
      1.0,
      1.0,
      1.0,
      1.0
    ]
  ],
  "depth_binned_matrix": [
    [
      1.0,
      0.5625,
      0.5882,
      0.2632,
      0.4737,
      0.4737,
      0.4375,
      0.3529,
      0.4444,
      0.25,
      0.3333,
      0.6667,
      0.2778,
      0.5333,
      0.125,
      0.5,
      0.55,
      0.2143,
      0.1667,
      0.5,
      0.2857,
      0.3571,
      0.2143
    ],
    [
      0.5625,
      1.0,
      0.5,
      0.5,
      0.6316,
      0.6316,
      0.4444,
      0.3684,
      0.6111,
      0.4737,
      0.3529,
      0.5556,
      0.4444,
      0.625,
      0.3125,
      0.4211,
      0.7,
      0.3333,
      0.2143,
      0.5,
      0.1667,
      0.375,
      0.3333
    ],
    [
      0.5882,
      0.5,
      1.0,
      0.45,
      0.65,
      0.7368,
      0.5556,
      0.5556,
      0.6316,
      0.5789,
      0.4706,
      0.5789,
      0.5556,
      0.5556,
      0.2778,
      0.6111,
      0.8,
      0.2222,
      0.1176,
      0.7059,
      0.4375,
      0.3333,
      0.2222
    ],
    [
      0.2632,
      0.5,
      0.45,
      1.0,
      0.5789,
      0.5789,
      0.3889,
      0.3889,
      0.6471,
      0.5882,
      0.375,
      0.5,
      0.5625,
      0.3889,
      0.3333,
      0.4444,
      0.65,
      0.2667,
      0.1429,
      0.3684,
      0.1765,
      0.3125,
      0.2667
    ],
    [
      0.4737,
      0.6316,
      0.65,
      0.5789,
      1.0,
      0.7,
      0.6111,
      0.6111,
      0.6,
      0.6316,
      0.3684,
      0.7222,
      0.5263,
      0.45,
      0.2632,
      0.5,
      0.85,
      0.2778,
      0.1765,
      0.5789,
      0.2632,
      0.3889,
      0.3529
    ],
    [
      0.4737,
      0.6316,
      0.7368,
      0.5789,
      0.7,
      1.0,
      0.5263,
      0.6111,
      0.6,
      0.7222,
      0.5294,
      0.6316,
      0.6111,
      0.5263,
      0.3333,
      0.5,
      0.85,
      0.2778,
      0.1765,
      0.5789,
      0.3333,
      0.3158,
      0.3529
    ],
    [
      0.4375,
      0.4444,
      0.5556,
      0.3889,
      0.6111,
      0.5263,
      1.0,
      0.4118,
      0.5882,
      0.4444,
      0.3125,
      0.5294,
      0.5,
      0.4118,
      0.4615,
      0.3889,
      0.6,
      0.125,
      0.1538,
      0.3889,
      0.3571,
      0.5385,
      0.2857
    ],
    [
      0.3529,
      0.3684,
      0.5556,
      0.3889,
      0.6111,
      0.6111,
      0.4118,
      1.0,
      0.35,
      0.5294,
      0.3125,
      0.5294,
      0.4118,
      0.3333,
      0.1875,
      0.4706,
      0.6,
      0.125,
      0.0714,
      0.4706,
      0.2667,
      0.3333,
      0.2857
    ],
    [
      0.4444,
      0.6111,
      0.6316,
      0.6471,
      0.6,
      0.6,
      0.5882,
      0.35,
      1.0,
      0.5263,
      0.4118,
      0.5263,
      0.5,
      0.5,
      0.375,
      0.5556,
      0.75,
      0.3125,
      0.125,
      0.5556,
      0.2941,
      0.5333,
      0.1667
    ],
    [
      0.25,
      0.4737,
      0.5789,
      0.5882,
      0.6316,
      0.7222,
      0.4444,
      0.5294,
      0.5263,
      1.0,
      0.4375,
      0.4737,
      0.7333,
      0.4444,
      0.5,
      0.5,
      0.7,
      0.3333,
      0.2143,
      0.5,
      0.4,
      0.2222,
      0.4286
    ],
    [
      0.3333,
      0.3529,
      0.4706,
      0.375,
      0.3684,
      0.5294,
      0.3125,
      0.3125,
      0.4118,
      0.4375,
      1.0,
      0.3529,
      0.4,
      0.4,
      0.1429,
      0.375,
      0.45,
      0.1538,
      0.3333,
      0.2941,
      0.2308,
      0.2143,
      0.3636
    ],
    [
      0.6667,
      0.5556,
      0.5789,
      0.5,
      0.7222,
      0.6316,
      0.5294,
      0.5294,
      0.5263,
      0.4737,
      0.3529,
      1.0,
      0.3684,
      0.5294,
      0.2353,
      0.5882,
      0.7,
      0.3333,
      0.2143,
      0.4211,
      0.2353,
      0.375,
      0.4286
    ],
    [
      0.2778,
      0.4444,
      0.5556,
      0.5625,
      0.5263,
      0.6111,
      0.5,
      0.4118,
      0.5,
      0.7333,
      0.4,
      0.3684,
      1.0,
      0.3333,
      0.4615,
      0.4706,
      0.6,
      0.125,
      0.0714,
      0.3889,
      0.3571,
      0.3333,
      0.2857
    ],
    [
      0.5333,
      0.625,
      0.5556,
      0.3889,
      0.45,
      0.5263,
      0.4118,
      0.3333,
      0.5,
      0.4444,
      0.4,
      0.5294,
      0.3333,
      1.0,
      0.3571,
      0.4706,
      0.6,
      0.3846,
      0.25,
      0.3889,
      0.2667,
      0.3333,
      0.3846
    ],
    [
      0.125,
      0.3125,
      0.2778,
      0.3333,
      0.2632,
      0.3333,
      0.4615,
      0.1875,
      0.375,
      0.5,
      0.1429,
      0.2353,
      0.4615,
      0.3571,
      1.0,
      0.3333,
      0.35,
      0.3,
      0.1111,
      0.1765,
      0.4,
      0.25,
      0.3
    ],
    [
      0.5,
      0.4211,
      0.6111,
      0.4444,
      0.5,
      0.5,
      0.3889,
      0.4706,
      0.5556,
      0.5,
      0.375,
      0.5882,
      0.4706,
      0.4706,
      0.3333,
      1.0,
      0.65,
      0.2667,
      0.0667,
      0.3684,
      0.3333,
      0.4,
      0.2667
    ],
    [
      0.55,
      0.7,
      0.8,
      0.65,
      0.85,
      0.85,
      0.6,
      0.6,
      0.75,
      0.7,
      0.45,
      0.7,
      0.6,
      0.6,
      0.35,
      0.65,
      1.0,
      0.3,
      0.15,
      0.65,
      0.35,
      0.4,
      0.3
    ],
    [
      0.2143,
      0.3333,
      0.2222,
      0.2667,
      0.2778,
      0.2778,
      0.125,
      0.125,
      0.3125,
      0.3333,
      0.1538,
      0.3333,
      0.125,
      0.3846,
      0.3,
      0.2667,
      0.3,
      1.0,
      0.2857,
      0.2667,
      0.3,
      0.1667,
      0.2
    ],
    [
      0.1667,
      0.2143,
      0.1176,
      0.1429,
      0.1765,
      0.1765,
      0.1538,
      0.0714,
      0.125,
      0.2143,
      0.3333,
      0.2143,
      0.0714,
      0.25,
      0.1111,
      0.0667,
      0.15,
      0.2857,
      1.0,
      0.1429,
      0.1111,
      0.0,
      0.5
    ],
    [
      0.5,
      0.5,
      0.7059,
      0.3684,
      0.5789,
      0.5789,
      0.3889,
      0.4706,
      0.5556,
      0.5,
      0.2941,
      0.4211,
      0.3889,
      0.3889,
      0.1765,
      0.3684,
      0.65,
      0.2667,
      0.1429,
      1.0,
      0.4286,
      0.2353,
      0.1176
    ],
    [
      0.2857,
      0.1667,
      0.4375,
      0.1765,
      0.2632,
      0.3333,
      0.3571,
      0.2667,
      0.2941,
      0.4,
      0.2308,
      0.2353,
      0.3571,
      0.2667,
      0.4,
      0.3333,
      0.35,
      0.3,
      0.1111,
      0.4286,
      1.0,
      0.25,
      0.0833
    ],
    [
      0.3571,
      0.375,
      0.3333,
      0.3125,
      0.3889,
      0.3158,
      0.5385,
      0.3333,
      0.5333,
      0.2222,
      0.2143,
      0.375,
      0.3333,
      0.3333,
      0.25,
      0.4,
      0.4,
      0.1667,
      0.0,
      0.2353,
      0.25,
      1.0,
      0.0769
    ],
    [
      0.2143,
      0.3333,
      0.2222,
      0.2667,
      0.3529,
      0.3529,
      0.2857,
      0.2857,
      0.1667,
      0.4286,
      0.3636,
      0.4286,
      0.2857,
      0.3846,
      0.3,
      0.2667,
      0.3,
      0.2,
      0.5,
      0.1176,
      0.0833,
      0.0769,
      1.0
    ]
  ],
  "jena_analog_ranking": {
    "JENA31": [
      {
        "alias": "STIMPEE7",
        "jaccard": 1.0
      },
      {
        "alias": "MCKINLAY10",
        "jaccard": 1.0
      },
      {
        "alias": "MCKINLAY11",
        "jaccard": 1.0
      },
      {
        "alias": "MCKINLAY12",
        "jaccard": 1.0
      },
      {
        "alias": "MCKINLAY13",
        "jaccard": 1.0
      }
    ],
    "JENA31DW1": [
      {
        "alias": "BIALA19",
        "jaccard": 1.0
      },
      {
        "alias": "FROSTILLICUS2",
        "jaccard": 1.0
      },
      {
        "alias": "MCKINLAY23",
        "jaccard": 1.0
      },
      {
        "alias": "BIALA20",
        "jaccard": 0.8
      },
      {
        "alias": "GRANCHIO4",
        "jaccard": 0.8
      }
    ]
  }
}