{
  "aliases": [
    "JENA31",
    "JENA31DW1",
    "BIALA19",
    "BIALA20",
    "BIALA21",
    "FROSTILLICUS2",
    "GRANCHIO4",
    "HOBBES5",
    "HOBBES6",
    "MCKINLAY20",
    "MCKINLAY21",
    "MCKINLAY22",
    "MCKINLAY23",
    "MCKINLAY24",
    "STIMPEE6",
    "STIMPEE7",
    "TERINGIE6",
    "MCKINLAY10",
    "MCKINLAY11",
    "MCKINLAY12",
    "MCKINLAY13",
    "MCKINLAY14",
    "MCKINLAY15",
    "JENA31_DUAL"
  ],
  "feature_vocabulary": [
    "good_rock_moderate",
    "good_rock_strong",
    "lowres_over_good",
    "lowfluor_over_good",
    "low_GR",
    "matching_pay",
    "owc_high",
    "owc_elevated",
    "elevated_risk",
    "high_gas"
  ],
  "presence_pct": 25.0,
  "feature_sets": {
    "JENA31": [
      "elevated_risk",
      "good_rock_moderate",
      "high_gas",
      "matching_pay"
    ],
    "JENA31DW1": [
      "high_gas",
      "matching_pay"
    ],
    "BIALA19": [
      "elevated_risk",
      "good_rock_moderate",
      "good_rock_strong",
      "matching_pay"
    ],
    "BIALA20": [
      "good_rock_moderate",
      "good_rock_strong",
      "high_gas",
      "matching_pay"
    ],
    "BIALA21": [
      "elevated_risk",
      "good_rock_moderate",
      "good_rock_strong",
      "low_GR",
      "matching_pay"
    ],
    "FROSTILLICUS2": [
      "elevated_risk",
      "good_rock_moderate",
      "high_gas",
      "matching_pay",
      "owc_high"
    ],
    "GRANCHIO4": [
      "elevated_risk",
      "good_rock_moderate",
      "high_gas",
      "matching_pay"
    ],
    "HOBBES5": [
      "good_rock_moderate",
      "high_gas",
      "matching_pay",
      "owc_high"
    ],
    "HOBBES6": [
      "elevated_risk",
      "good_rock_moderate",
      "high_gas",
      "matching_pay"
    ],
    "MCKINLAY20": [
      "good_rock_moderate",
      "high_gas",
      "matching_pay"
    ],
    "MCKINLAY21": [
      "good_rock_moderate",
      "high_gas",
      "matching_pay"
    ],
    "MCKINLAY22": [
      "good_rock_moderate",
      "high_gas",
      "matching_pay"
    ],
    "MCKINLAY23": [
      "good_rock_moderate",
      "high_gas",
      "matching_pay"
    ],
    "MCKINLAY24": [
      "good_rock_moderate",
      "high_gas",
      "matching_pay"
    ],
    "STIMPEE6": [
      "good_rock_moderate",
      "high_gas",
      "matching_pay"
    ],
    "STIMPEE7": [
      "elevated_risk",
      "good_rock_moderate",
      "high_gas",
      "matching_pay",
      "owc_high"
    ],
    "TERINGIE6": [
      "elevated_risk",
      "good_rock_moderate",
      "good_rock_strong",
      "high_gas",
      "lowfluor_over_good",
      "matching_pay",
      "owc_high"
    ],
    "MCKINLAY10": [
      "good_rock_moderate",
      "high_gas",
      "matching_pay"
    ],
    "MCKINLAY11": [
      "high_gas",
      "matching_pay"
    ],
    "MCKINLAY12": [
      "good_rock_moderate",
      "high_gas",
      "matching_pay"
    ],
    "MCKINLAY13": [
      "high_gas",
      "matching_pay"
    ],
    "MCKINLAY14": [
      "elevated_risk",
      "good_rock_moderate",
      "high_gas",
      "matching_pay",
      "owc_high"
    ],
    "MCKINLAY15": [
      "elevated_risk",
      "high_gas",
      "matching_pay"
    ],
    "JENA31_DUAL": [
      "good_rock_moderate",
      "high_gas",
      "matching_pay"
    ]
  },
  "matrix": [
    [
      1.0,
      0.5,
      0.6,
      0.6,
      0.5,
      0.8,
      1.0,
      0.6,
      1.0,
      0.75,
      0.75,
      0.75,
      0.75,
      0.75,
      0.75,
      0.8,
      0.5714,
      0.75,
      0.5,
      0.75,
      0.5,
      0.8,
      0.75,
      0.75
    ],
    [
      0.5,
      1.0,
      0.2,
      0.5,
      0.1667,
      0.4,
      0.5,
      0.5,
      0.5,
      0.6667,
      0.6667,
      0.6667,
      0.6667,
      0.6667,
      0.6667,
      0.4,
      0.2857,
      0.6667,
      1.0,
      0.6667,
      1.0,
      0.4,
      0.6667,
      0.6667
    ],
    [
      0.6,
      0.2,
      1.0,
      0.6,
      0.8,
      0.5,
      0.6,
      0.3333,
      0.6,
      0.4,
      0.4,
      0.4,
      0.4,
      0.4,
      0.4,
      0.5,
      0.5714,
      0.4,
      0.2,
      0.4,
      0.2,
      0.5,
      0.4,
      0.4
    ],
    [
      0.6,
      0.5,
      0.6,
      1.0,
      0.5,
      0.5,
      0.6,
      0.6,
      0.6,
      0.75,
      0.75,
      0.75,
      0.75,
      0.75,
      0.75,
      0.5,
      0.5714,
      0.75,
      0.5,
      0.75,
      0.5,
      0.5,
      0.4,
      0.75
    ],
    [
      0.5,
      0.1667,
      0.8,
      0.5,
      1.0,
      0.4286,
      0.5,
      0.2857,
      0.5,
      0.3333,
      0.3333,
      0.3333,
      0.3333,
      0.3333,
      0.3333,
      0.4286,
      0.5,
      0.3333,
      0.1667,
      0.3333,
      0.1667,
      0.4286,
      0.3333,
      0.3333
    ],
    [
      0.8,
      0.4,
      0.5,
      0.5,
      0.4286,
      1.0,
      0.8,
      0.8,
      0.8,
      0.6,
      0.6,
      0.6,
      0.6,
      0.6,
      0.6,
      1.0,
      0.7143,
      0.6,
      0.4,
      0.6,
      0.4,
      1.0,
      0.6,
      0.6
    ],
    [
      1.0,
      0.5,
      0.6,
      0.6,
      0.5,
      0.8,
      1.0,
      0.6,
      1.0,
      0.75,
      0.75,
      0.75,
      0.75,
      0.75,
      0.75,
      0.8,
      0.5714,
      0.75,
      0.5,
      0.75,
      0.5,
      0.8,
      0.75,
      0.75
    ],
    [
      0.6,
      0.5,
      0.3333,
      0.6,
      0.2857,
      0.8,
      0.6,
      1.0,
      0.6,
      0.75,
      0.75,
      0.75,
      0.75,
      0.75,
      0.75,
      0.8,
      0.5714,
      0.75,
      0.5,
      0.75,
      0.5,
      0.8,
      0.4,
      0.75
    ],
    [
      1.0,
      0.5,
      0.6,
      0.6,
      0.5,
      0.8,
      1.0,
      0.6,
      1.0,
      0.75,
      0.75,
      0.75,
      0.75,
      0.75,
      0.75,
      0.8,
      0.5714,
      0.75,
      0.5,
      0.75,
      0.5,
      0.8,
      0.75,
      0.75
    ],
    [
      0.75,
      0.6667,
      0.4,
      0.75,
      0.3333,
      0.6,
      0.75,
      0.75,
      0.75,
      1.0,
      1.0,
      1.0,
      1.0,
      1.0,
      1.0,
      0.6,
      0.4286,
      1.0,
      0.6667,
      1.0,
      0.6667,
      0.6,
      0.5,
      1.0
    ],
    [
      0.75,
      0.6667,
      0.4,
      0.75,
      0.3333,
      0.6,
      0.75,
      0.75,
      0.75,
      1.0,
      1.0,
      1.0,
      1.0,
      1.0,
      1.0,
      0.6,
      0.4286,
      1.0,
      0.6667,
      1.0,
      0.6667,
      0.6,
      0.5,
      1.0
    ],
    [
      0.75,
      0.6667,
      0.4,
      0.75,
      0.3333,
      0.6,
      0.75,
      0.75,
      0.75,
      1.0,
      1.0,
      1.0,
      1.0,
      1.0,
      1.0,
      0.6,
      0.4286,
      1.0,
      0.6667,
      1.0,
      0.6667,
      0.6,
      0.5,
      1.0
    ],
    [
      0.75,
      0.6667,
      0.4,
      0.75,
      0.3333,
      0.6,
      0.75,
      0.75,
      0.75,
      1.0,
      1.0,
      1.0,
      1.0,
      1.0,
      1.0,
      0.6,
      0.4286,
      1.0,
      0.6667,
      1.0,
      0.6667,
      0.6,
      0.5,
      1.0
    ],
    [
      0.75,
      0.6667,
      0.4,
      0.75,
      0.3333,
      0.6,
      0.75,
      0.75,
      0.75,
      1.0,
      1.0,
      1.0,
      1.0,
      1.0,
      1.0,
      0.6,
      0.4286,
      1.0,
      0.6667,
      1.0,
      0.6667,
      0.6,
      0.5,
      1.0
    ],
    [
      0.75,
      0.6667,
      0.4,
      0.75,
      0.3333,
      0.6,
      0.75,
      0.75,
      0.75,
      1.0,
      1.0,
      1.0,
      1.0,
      1.0,
      1.0,
      0.6,
      0.4286,
      1.0,
      0.6667,
      1.0,
      0.6667,
      0.6,
      0.5,
      1.0
    ],
    [
      0.8,
      0.4,
      0.5,
      0.5,
      0.4286,
      1.0,
      0.8,
      0.8,
      0.8,
      0.6,
      0.6,
      0.6,
      0.6,
      0.6,
      0.6,
      1.0,
      0.7143,
      0.6,
      0.4,
      0.6,
      0.4,
      1.0,
      0.6,
      0.6
    ],
    [
      0.5714,
      0.2857,
      0.5714,
      0.5714,
      0.5,
      0.7143,
      0.5714,
      0.5714,
      0.5714,
      0.4286,
      0.4286,
      0.4286,
      0.4286,
      0.4286,
      0.4286,
      0.7143,
      1.0,
      0.4286,
      0.2857,
      0.4286,
      0.2857,
      0.7143,
      0.4286,
      0.4286
    ],
    [
      0.75,
      0.6667,
      0.4,
      0.75,
      0.3333,
      0.6,
      0.75,
      0.75,
      0.75,
      1.0,
      1.0,
      1.0,
      1.0,
      1.0,
      1.0,
      0.6,
      0.4286,
      1.0,
      0.6667,
      1.0,
      0.6667,
      0.6,
      0.5,
      1.0
    ],
    [
      0.5,
      1.0,
      0.2,
      0.5,
      0.1667,
      0.4,
      0.5,
      0.5,
      0.5,
      0.6667,
      0.6667,
      0.6667,
      0.6667,
      0.6667,
      0.6667,
      0.4,
      0.2857,
      0.6667,
      1.0,
      0.6667,
      1.0,
      0.4,
      0.6667,
      0.6667
    ],
    [
      0.75,
      0.6667,
      0.4,
      0.75,
      0.3333,
      0.6,
      0.75,
      0.75,
      0.75,
      1.0,
      1.0,
      1.0,
      1.0,
      1.0,
      1.0,
      0.6,
      0.4286,
      1.0,
      0.6667,
      1.0,
      0.6667,
      0.6,
      0.5,
      1.0
    ],
    [
      0.5,
      1.0,
      0.2,
      0.5,
      0.1667,
      0.4,
      0.5,
      0.5,
      0.5,
      0.6667,
      0.6667,
      0.6667,
      0.6667,
      0.6667,
      0.6667,
      0.4,
      0.2857,
      0.6667,
      1.0,
      0.6667,
      1.0,
      0.4,
      0.6667,
      0.6667
    ],
    [
      0.8,
      0.4,
      0.5,
      0.5,
      0.4286,
      1.0,
      0.8,
      0.8,
      0.8,
      0.6,
      0.6,
      0.6,
      0.6,
      0.6,
      0.6,
      1.0,
      0.7143,
      0.6,
      0.4,
      0.6,
      0.4,
      1.0,
      0.6,
      0.6
    ],
    [
      0.75,
      0.6667,
      0.4,
      0.4,
      0.3333,
      0.6,
      0.75,
      0.4,
      0.75,
      0.5,
      0.5,
      0.5,
      0.5,
      0.5,
      0.5,
      0.6,
      0.4286,
      0.5,
      0.6667,
      0.5,
      0.6667,
      0.6,
      1.0,
      0.5
    ],
    [
      0.75,
      0.6667,
      0.4,
      0.75,
      0.3333,
      0.6,
      0.75,
      0.75,
      0.75,
      1.0,
      1.0,
      1.0,
      1.0,
      1.0,
      1.0,
      0.6,
      0.4286,
      1.0,
      0.6667,
      1.0,
      0.6667,
      0.6,
      0.5,
      1.0
    ]
  ],
  "depth_binned_matrix": [
    [
      1.0,
      0.1765,
      0.5556,
      0.2632,
      0.6667,
      0.55,
      0.5556,
      0.4667,
      0.4375,
      0.2,
      0.2857,
      0.6667,
      0.25,
      0.4375,
      0.1667,
      0.625,
      0.6,
      0.0714,
      0.0,
      0.25,
      0.0833,
      0.3333,
      0.2143,
      0.3889
    ],
    [
      0.1765,
      1.0,
      0.3333,
      0.25,
      0.3684,
      0.4211,
      0.4118,
      0.2857,
      0.2667,
      0.3333,
      0.1667,
      0.2353,
      0.2308,
      0.2667,
      0.5455,
      0.2941,
      0.4,
      0.2222,
      0.0,
      0.3333,
      0.0,
      0.3333,
      0.0833,
      0.6154
    ],
    [
      0.5556,
      0.3333,
      1.0,
      0.4,
      0.7,
      0.8421,
      0.6,
      0.4444,
      0.5,
      0.4737,
      0.2941,
      0.5263,
      0.3333,
      0.5,
      0.3889,
      0.6667,
      0.8,
      0.0556,
      0.0,
      0.5,
      0.0625,
      0.5556,
      0.1667,
      0.6111
    ],
    [
      0.2632,
      0.25,
      0.4,
      1.0,
      0.5,
      0.55,
      0.5556,
      0.4667,
      0.3529,
      0.6,
      0.2,
      0.4706,
      0.4286,
      0.3529,
      0.4,
      0.3684,
      0.6,
      0.25,
      0.0,
      0.3333,
      0.0,
      0.4118,
      0.3077,
      0.3889
    ],
    [
      0.6667,
      0.3684,
      0.7,
      0.5,
      1.0,
      0.85,
      0.7895,
      0.4737,
      0.5263,
      0.5,
      0.2632,
      0.6316,
      0.3684,
      0.5263,
      0.35,
      0.6,
      0.9,
      0.1053,
      0.0,
      0.3684,
      0.0556,
      0.5,
      0.2778,
      0.55
    ],
    [
      0.55,
      0.4211,
      0.8421,
      0.55,
      0.85,
      1.0,
      0.75,
      0.5263,
      0.5,
      0.6316,
      0.3158,
      0.6,
      0.4211,
      0.5,
      0.4737,
      0.65,
      0.95,
      0.1,
      0.0,
      0.4211,
      0.0526,
      0.55,
      0.2632,
      0.6842
    ],
    [
      0.5556,
      0.4118,
      0.6,
      0.5556,
      0.7895,
      0.75,
      1.0,
      0.625,
      0.5882,
      0.4737,
      0.2941,
      0.5263,
      0.5,
      0.4211,
      0.4706,
      0.5789,
      0.8,
      0.1176,
      0.0,
      0.2632,
      0.0,
      0.4737,
      0.1667,
      0.6111
    ],
    [
      0.4667,
      0.2857,
      0.4444,
      0.4667,
      0.4737,
      0.5263,
      0.625,
      1.0,
      0.3125,
      0.2941,
      0.1429,
      0.4375,
      0.3846,
      0.3125,
      0.2667,
      0.3333,
      0.5,
      0.0,
      0.0,
      0.2857,
      0.0,
      0.2222,
      0.1538,
      0.5333
    ],
    [
      0.4375,
      0.2667,
      0.5,
      0.3529,
      0.5263,
      0.5,
      0.5882,
      0.3125,
      1.0,
      0.3529,
      0.2143,
      0.2632,
      0.4615,
      0.375,
      0.4286,
      0.5625,
      0.55,
      0.0769,
      0.0,
      0.3571,
      0.0,
      0.5333,
      0.0667,
      0.3333
    ],
    [
      0.2,
      0.3333,
      0.4737,
      0.6,
      0.5,
      0.6316,
      0.4737,
      0.2941,
      0.3529,
      1.0,
      0.2857,
      0.3889,
      0.4286,
      0.2778,
      0.5,
      0.4444,
      0.6,
      0.1538,
      0.0,
      0.3333,
      0.0833,
      0.4118,
      0.3077,
      0.4706
    ],
    [
      0.2857,
      0.1667,
      0.2941,
      0.2,
      0.2632,
      0.3158,
      0.2941,
      0.1429,
      0.2143,
      0.2857,
      1.0,
      0.2667,
      0.4,
      0.3077,
      0.25,
      0.3333,
      0.3,
      0.125,
      0.0,
      0.0,
      0.1667,
      0.2,
      0.375,
      0.2667
    ],
    [
      0.6667,
      0.2353,
      0.5263,
      0.4706,
      0.6316,
      0.6,
      0.5263,
      0.4375,
      0.2632,
      0.3889,
      0.2667,
      1.0,
      0.1667,
      0.5,
      0.2222,
      0.5,
      0.65,
      0.2308,
      0.0,
      0.3125,
      0.0769,
      0.3158,
      0.3846,
      0.4444
    ],
    [
      0.25,
      0.2308,
      0.3333,
      0.4286,
      0.3684,
      0.4211,
      0.5,
      0.3846,
      0.4615,
      0.4286,
      0.4,
      0.1667,
      1.0,
      0.1176,
      0.4167,
      0.375,
      0.4,
      0.0,
      0.0,
      0.0667,
      0.0,
      0.3333,
      0.1818,
      0.2353
    ],
    [
      0.4375,
      0.2667,
      0.5,
      0.3529,
      0.5263,
      0.5,
      0.4211,
      0.3125,
      0.375,
      0.2778,
      0.3077,
      0.5,
      0.1176,
      1.0,
      0.25,
      0.4706,
      0.55,
      0.1667,
      0.0,
      0.3571,
      0.0909,
      0.4375,
      0.3333,
      0.4118
    ],
    [
      0.1667,
      0.5455,
      0.3889,
      0.4,
      0.35,
      0.4737,
      0.4706,
      0.2667,
      0.4286,
      0.5,
      0.25,
      0.2222,
      0.4167,
      0.25,
      1.0,
      0.4375,
      0.45,
      0.2,
      0.0,
      0.2143,
      0.0,
      0.4,
      0.1667,
      0.4667
    ],
    [
      0.625,
      0.2941,
      0.6667,
      0.3684,
      0.6,
      0.65,
      0.5789,
      0.3333,
      0.5625,
      0.4444,
      0.3333,
      0.5,
      0.375,
      0.4706,
      0.4375,
      1.0,
      0.7,
      0.1333,
      0.0,
      0.2941,
      0.0714,
      0.5294,
      0.1875,
      0.4211
    ],
    [
      0.6,
      0.4,
      0.8,
      0.6,
      0.9,
      0.95,
      0.8,
      0.5,
      0.55,
      0.6,
      0.3,
      0.65,
      0.4,
      0.55,
      0.45,
      0.7,
      1.0,
      0.15,
      0.0,
      0.4,
      0.05,
      0.6,
      0.25,
      0.65
    ],
    [
      0.0714,
      0.2222,
      0.0556,
      0.25,
      0.1053,
      0.1,
      0.1176,
      0.0,
      0.0769,
      0.1538,
      0.125,
      0.2308,
      0.0,
      0.1667,
      0.2,
      0.1333,
      0.15,
      1.0,
      0.0,
      0.1,
      0.0,
      0.1538,
      0.1429,
      0.1429
    ],
    [
      0.0,
      0.0,
      0.0,
      0.0,
      0.0,
      0.0,
      0.0,
      0.0,
      0.0,
      0.0,
      0.0,
      0.0,
      0.0,
      0.0,
      0.0,
      0.0,
      0.0,
      0.0,
      0.0,
      0.0,
      0.0,
      0.0,
      0.0,
      0.0
    ],
    [
      0.25,
      0.3333,
      0.5,
      0.3333,
      0.3684,
      0.4211,
      0.2632,
      0.2857,
      0.3571,
      0.3333,
      0.0,
      0.3125,
      0.0667,
      0.3571,
      0.2143,
      0.2941,
      0.4,
      0.1,
      0.0,
      1.0,
      0.0,
      0.3333,
      0.0833,
      0.4
    ],
    [
      0.0833,
      0.0,
      0.0625,
      0.0,
      0.0556,
      0.0526,
      0.0,
      0.0,
      0.0,
      0.0833,
      0.1667,
      0.0769,
      0.0,
      0.0909,
      0.0,
      0.0714,
      0.05,
      0.0,
      0.0,
      0.0,
      1.0,
      0.0,
      0.2,
      0.0769
    ],
    [
      0.3333,
      0.3333,
      0.5556,
      0.4118,
      0.5,
      0.55,
      0.4737,
      0.2222,
      0.5333,
      0.4118,
      0.2,
      0.3158,
      0.3333,
      0.4375,
      0.4,
      0.5294,
      0.6,
      0.1538,
      0.0,
      0.3333,
      0.0,
      1.0,
      0.0625,
      0.3889
    ],
    [
      0.2143,
      0.0833,
      0.1667,
      0.3077,
      0.2778,
      0.2632,
      0.1667,
      0.1538,
      0.0667,
      0.3077,
      0.375,
      0.3846,
      0.1818,
      0.3333,
      0.1667,
      0.1875,
      0.25,
      0.1429,
      0.0,
      0.0833,
      0.2,
      0.0625,
      1.0,
      0.125
    ],
    [
      0.3889,
      0.6154,
      0.6111,
      0.3889,
      0.55,
      0.6842,
      0.6111,
      0.5333,
      0.3333,
      0.4706,
      0.2667,
      0.4444,
      0.2353,
      0.4118,
      0.4667,
      0.4211,
      0.65,
      0.1429,
      0.0,
      0.4,
      0.0769,
      0.3889,
      0.125,
      1.0
    ]
  ],
  "jena_analog_ranking": {
    "JENA31": [
      {
        "alias": "GRANCHIO4",
        "jaccard": 1.0
      },
      {
        "alias": "HOBBES6",
        "jaccard": 1.0
      },
      {
        "alias": "FROSTILLICUS2",
        "jaccard": 0.8
      },
      {
        "alias": "STIMPEE7",
        "jaccard": 0.8
      },
      {
        "alias": "MCKINLAY14",
        "jaccard": 0.8
      }
    ],
    "JENA31DW1": [
      {
        "alias": "MCKINLAY11",
        "jaccard": 1.0
      },
      {
        "alias": "MCKINLAY13",
        "jaccard": 1.0
      },
      {
        "alias": "MCKINLAY20",
        "jaccard": 0.6667
      },
      {
        "alias": "MCKINLAY21",
        "jaccard": 0.6667
      },
      {
        "alias": "MCKINLAY22",
        "jaccard": 0.6667
      }
    ]
  }
}